0 0
1 1
2 2
3 0
4 1
5 2
6 0
7 1
8 2
9 0
10 1
11 2
12 0
13 1
14 2
15 0
16 1
17 2
18 0
19 1
20 2
21 0
22 1
23 2
24 0
25 1
26 2
27 0
28 1
29 2
30 0
31 1
32 2
33 0
34 1
35 2
36 0
37 1
38 2
39 0
40 1
41 2
42 0
43 1
44 2
45 0
46 1
47 2
48 0
49 1
50 2
51 0
52 1
53 2
54 0
55 1
56 2
57 0
58 1
59 2
60 0
61 1
62 2
63 0
64 1
65 2
66 0
67 1
68 2
69 0
70 1
71 2
72 0
73 1
74 2
75 0
76 1
77 2
78 0
79 1
80 2
81 0
82 1
83 2
84 0
85 1
86 2
87 0
88 1
89 2
90 0
91 1
92 2
93 0
94 1
95 2
96 0
97 1
98 2
99 0
100 1
101 2
102 0
103 1
104 2
105 0
106 1
107 2
108 0
109 1
110 2
111 0
112 1
113 2
114 0
115 1
116 2
117 0
118 1
119 2
120 0
121 1
122 2
123 0
124 1
125 2
126 0
127 1
128 2
129 0
130 1
131 2
132 0
133 1
134 2
135 0
136 1
137 2
138 0
139 1
140 2
141 0
142 1
143 2
144 0
145 1
146 2
147 0
148 1
149 2
150 0
151 1
152 2
153 0
154 1
155 2
156 0
157 1
158 2
159 0
160 1
161 2
162 0
163 1
164 2
165 0
166 1
167 2
168 0
169 1
170 2
171 0
172 1
173 2
174 0
175 1
176 2
177 0
178 1
179 2
180 0
181 1
182 2
183 0
184 1
185 2
186 0
187 1
188 2
189 0
190 1
191 2
192 0
193 1
194 2
195 0
196 1
197 2
198 0
199 1
200 2
201 0
202 1
203 2
204 0
205 1
206 2
207 0
208 1
209 2
210 0
211 1
212 2
213 0
214 1
215 2
216 0
217 1
218 2
219 0
220 1
221 2
222 0
223 1
224 2
225 0
226 1
227 2
228 0
229 1
230 2
231 0
232 1
233 2
234 0
235 1
236 2
237 0
238 1
239 2
240 0
241 1
242 2
243 0
244 1
245 2
246 0
247 1
248 2
249 0
250 1
251 2
252 0
253 1
254 2
255 0
256 1
257 2
258 0
259 1
260 2
261 0
262 1
263 2
264 0
265 1
266 2
267 0
268 1
269 2
270 0
271 1
272 2
273 0
274 1
275 2
276 0
277 1
278 2
279 0
280 1
281 2
282 0
283 1
284 2
285 0
286 1
287 2
288 0
289 1
290 2
291 0
292 1
293 2
294 0
295 1
296 2
297 0
298 1
299 2
300 0
301 1
302 2
303 0
304 1
305 2
306 0
307 1
308 2
309 0
310 1
311 2
312 0
313 1
314 2
315 0
316 1
317 2
318 0
319 1
320 2
321 0
322 1
323 2
324 0
325 1
326 2
327 0
328 1
329 2
330 0
331 1
332 2
333 0
334 1
335 2
336 0
337 1
338 2
339 0
340 1
341 2
342 0
343 1
344 2
345 0
346 1
347 2
348 0
349 1
350 2
351 0
352 1
353 2
354 0
355 1
356 2
357 0
358 1
359 2
360 0
361 1
362 2
363 0
364 1
365 2
366 0
367 1
368 2
369 0
370 1
371 2
372 0
373 1
374 2
375 0
376 1
377 2
378 0
379 1
380 2
381 0
382 1
383 2
384 0
385 1
386 2
387 0
388 1
389 2
390 0
391 1
392 2
393 0
394 1
395 2
396 0
397 1
398 2
399 0
400 1
401 2
402 0
403 1
404 2
405 0
406 1
407 2
408 0
409 1
410 2
411 0
412 1
413 2
414 0
415 1
416 2
417 0
418 1
419 2
420 0
421 1
422 2
423 0
424 1
425 2
426 0
427 1
428 2
429 0
430 1
431 2
432 0
433 1
434 2
435 0
436 1
437 2
438 0
439 1
440 2
441 0
442 1
443 2
444 0
445 1
446 2
447 0
448 1
449 2
450 0
451 1
452 2
453 0
454 1
455 2
456 0
457 1
458 2
459 0
460 1
461 2
462 0
463 1
464 2
465 0
466 1
467 2
468 0
469 1
470 2
471 0
472 1
473 2
474 0
475 1
476 2
477 0
478 1
479 2
480 0
481 1
482 2
483 0
484 1
485 2
486 0
487 1
488 2
489 0
490 1
491 2
492 0
493 1
494 2
495 0
496 1
497 2
498 0
499 1
500 2
501 0
502 1
503 2
504 0
505 1
506 2
507 0
508 1
509 2
510 0
511 1
512 2
513 0
514 1
515 2
516 0
517 1
518 2
519 0
520 1
521 2
522 0
523 1
524 2
525 0
526 1
527 2
528 0
529 1
530 2
531 0
532 1
533 2
534 0
535 1
536 2
537 0
538 1
539 2
540 0
541 1
542 2
543 0
544 1
545 2
546 0
547 1
548 2
549 0
550 1
551 2
552 0
553 1
554 2
555 0
556 1
557 2
558 0
559 1
560 2
561 0
562 1
563 2
564 0
565 1
566 2
567 0
568 1
569 2
570 0
571 1
572 2
573 0
574 1
575 2
576 0
577 1
578 2
579 0
580 1
581 2
582 0
583 1
584 2
585 0
586 1
587 2
588 0
589 1
590 2
591 0
592 1
593 2
594 0
595 1
596 2
597 0
598 1
599 2
600 0
601 1
602 2
603 0
604 1
605 2
606 0
607 1
608 2
609 0
610 1
611 2
612 0
613 1
614 2
615 0
616 1
617 2
618 0
619 1
620 2
621 0
622 1
623 2
624 0
625 1
626 2
627 0
628 1
629 2
630 0
631 1
632 2
633 0
634 1
635 2
636 0
637 1
638 2
639 0
640 1
641 2
642 0
643 1
644 2
645 0
646 1
647 2
648 0
649 1
650 2
651 0
652 1
653 2
654 0
655 1
656 2
657 0
658 1
659 2
660 0
661 1
662 2
663 0
664 1
665 2
666 0
667 1
668 2
669 0
670 1
671 2
672 0
673 1
674 2
675 0
676 1
677 2
678 0
679 1
680 2
681 0
682 1
683 2
684 0
685 1
686 2
687 0
688 1
689 2
690 0
691 1
692 2
693 0
694 1
695 2
696 0
697 1
698 2
699 0
700 1
701 2
702 0
703 1
704 2
705 0
706 1
707 2
708 0
709 1
710 2
711 0
712 1
713 2
714 0
715 1
716 2
717 0
718 1
719 2
720 0
721 1
722 2
723 0
724 1
725 2
726 0
727 1
728 2
729 0
730 1
731 2
732 0
733 1
734 2
735 0
736 1
737 2
738 0
739 1
740 2
741 0
742 1
743 2
744 0
745 1
746 2
747 0
748 1
749 2
750 0
751 1
752 2
753 0
754 1
755 2
756 0
757 1
758 2
759 0
760 1
761 2
762 0
763 1
764 2
765 0
766 1
767 2
768 0
769 1
770 2
771 0
772 1
773 2
774 0
775 1
776 2
777 0
778 1
779 2
780 0
781 1
782 2
783 0
784 1
785 2
786 0
787 1
788 2
789 0
790 1
791 2
792 0
793 1
794 2
795 0
796 1
797 2
798 0
799 1
800 2
801 0
802 1
803 2
804 0
805 1
806 2
807 0
808 1
809 2
810 0
811 1
812 2
813 0
814 1
815 2
816 0
817 1
818 2
819 0
820 1
821 2
822 0
823 1
824 2
825 0
826 1
827 2
828 0
829 1
830 2
831 0
832 1
833 2
834 0
835 1
836 2
837 0
838 1
839 2
840 0
841 1
842 2
843 0
844 1
845 2
846 0
847 1
848 2
849 0
850 1
851 2
852 0
853 1
854 2
855 0
856 1
857 2
858 0
859 1
860 2
861 0
862 1
863 2
864 0
865 1
866 2
867 0
868 1
869 2
870 0
871 1
872 2
873 0
874 1
875 2
876 0
877 1
878 2
879 0
880 1
881 2
882 0
883 1
884 2
885 0
886 1
887 2
888 0
889 1
890 2
891 0
892 1
893 2
894 0
895 1
896 2
897 0
898 1
899 2
900 0
901 1
902 2
903 0
904 1
905 2
906 0
907 1
908 2
909 0
910 1
911 2
912 0
913 1
914 2
915 0
916 1
917 2
918 0
919 1
920 2
921 0
922 1
923 2
924 0
925 1
926 2
927 0
928 1
929 2
930 0
931 1
932 2
933 0
934 1
935 2
936 0
937 1
938 2
939 0
940 1
941 2
942 0
943 1
944 2
945 0
946 1
947 2
948 0
949 1
950 2
951 0
952 1
953 2
954 0
955 1
956 2
957 0
958 1
959 2
960 0
961 1
962 2
963 0
964 1
965 2
966 0
967 1
968 2
969 0
970 1
971 2
972 0
973 1
974 2
975 0
976 1
977 2
978 0
979 1
980 2
981 0
982 1
983 2
984 0
985 1
986 2
987 0
988 1
989 2
990 0
991 1
992 2
993 0
994 1
995 2
996 0
997 1
998 2
999 0
1000 1
1001 2
1002 0
1003 1
1004 2
1005 0
1006 1
1007 2
1008 0
1009 1
1010 2
1011 0
1012 1
1013 2
1014 0
1015 1
1016 2
1017 0
1018 1
1019 2
1020 0
1021 1
1022 2
1023 0
1024 1
1025 2
1026 0
1027 1
1028 2
1029 0
1030 1
1031 2
1032 0
1033 1
1034 2
1035 0
1036 1
1037 2
1038 0
1039 1
1040 2
1041 0
1042 1
1043 2
1044 0
1045 1
1046 2
1047 0
1048 1
1049 2
1050 0
1051 1
1052 2
1053 0
1054 1
1055 2
1056 0
1057 1
1058 2
1059 0
1060 1
1061 2
1062 0
1063 1
1064 2
1065 0
1066 1
1067 2
1068 0
1069 1
1070 2
1071 0
1072 1
1073 2
1074 0
1075 1
1076 2
1077 0
1078 1
1079 2
1080 0
1081 1
1082 2
1083 0
1084 1
1085 2
1086 0
1087 1
1088 2
1089 0
1090 1
1091 2
1092 0
1093 1
1094 2
1095 0
1096 1
1097 2
1098 0
1099 1
1100 2
1101 0
1102 1
1103 2
1104 0
1105 1
1106 2
1107 0
1108 1
1109 2
1110 0
1111 1
1112 2
1113 0
1114 1
1115 2
1116 0
1117 1
1118 2
1119 0
1120 1
1121 2
1122 0
1123 1
1124 2
1125 0
1126 1
1127 2
1128 0
1129 1
1130 2
1131 0
1132 1
1133 2
1134 0
1135 1
1136 2
1137 0
1138 1
1139 2
1140 0
1141 1
1142 2
1143 0
1144 1
1145 2
1146 0
1147 1
1148 2
1149 0
1150 1
1151 2
1152 0
1153 1
1154 2
1155 0
1156 1
1157 2
1158 0
1159 1
1160 2
1161 0
1162 1
1163 2
1164 0
1165 1
1166 2
1167 0
1168 1
1169 2
1170 0
1171 1
1172 2
1173 0
1174 1
1175 2
1176 0
1177 1
1178 2
1179 0
1180 1
1181 2
1182 0
1183 1
1184 2
1185 0
1186 1
1187 2
1188 0
1189 1
1190 2
1191 0
1192 1
1193 2
1194 0
1195 1
1196 2
1197 0
1198 1
1199 2
1200 0
1201 1
1202 2
1203 0
1204 1
1205 2
1206 0
1207 1
1208 2
1209 0
1210 1
1211 2
1212 0
1213 1
1214 2
1215 0
1216 1
1217 2
1218 0
1219 1
1220 2
1221 0
1222 1
1223 2
1224 0
1225 1
1226 2
1227 0
1228 1
1229 2
1230 0
1231 1
1232 2
1233 0
1234 1
1235 2
1236 0
1237 1
1238 2
1239 0
1240 1
1241 2
1242 0
1243 1
1244 2
1245 0
1246 1
1247 2
1248 0
1249 1
1250 2
1251 0
1252 1
1253 2
1254 0
1255 1
1256 2
1257 0
1258 1
1259 2
1260 0
1261 1
1262 2
1263 0
1264 1
1265 2
1266 0
1267 1
1268 2
1269 0
1270 1
1271 2
1272 0
1273 1
1274 2
1275 0
1276 1
1277 2
1278 0
1279 1
1280 2
1281 0
1282 1
1283 2
1284 0
1285 1
1286 2
1287 0
1288 1
1289 2
1290 0
1291 1
1292 2
1293 0
1294 1
1295 2
1296 0
1297 1
1298 2
1299 0
1300 1
1301 2
1302 0
1303 1
1304 2
1305 0
1306 1
1307 2
1308 0
1309 1
1310 2
1311 0
1312 1
1313 2
1314 0
1315 1
1316 2
1317 0
1318 1
1319 2
1320 0
1321 1
1322 2
1323 0
1324 1
1325 2
1326 0
1327 1
1328 2
1329 0
1330 1
1331 2
1332 0
1333 1
1334 2
1335 0
1336 1
1337 2
1338 0
1339 1
1340 2
1341 0
1342 1
1343 2
1344 0
1345 1
1346 2
1347 0
1348 1
1349 2
1350 0
1351 1
1352 2
1353 0
1354 1
1355 2
1356 0
1357 1
1358 2
1359 0
1360 1
1361 2
1362 0
1363 1
1364 2
1365 0
1366 1
1367 2
1368 0
1369 1
1370 2
1371 0
1372 1
1373 2
1374 0
1375 1
1376 2
1377 0
1378 1
1379 2
1380 0
1381 1
1382 2
1383 0
1384 1
1385 2
1386 0
1387 1
1388 2
1389 0
1390 1
1391 2
1392 0
1393 1
1394 2
1395 0
1396 1
1397 2
1398 0
1399 1
1400 2
1401 0
1402 1
1403 2
1404 0
1405 1
1406 2
1407 0
1408 1
1409 2
1410 0
1411 1
1412 2
1413 0
1414 1
1415 2
1416 0
1417 1
1418 2
1419 0
1420 1
1421 2
1422 0
1423 1
1424 2
1425 0
1426 1
1427 2
1428 0
1429 1
1430 2
1431 0
1432 1
1433 2
1434 0
1435 1
1436 2
1437 0
1438 1
1439 2
1440 0
1441 1
1442 2
1443 0
1444 1
1445 2
1446 0
1447 1
1448 2
1449 0
1450 1
1451 2
1452 0
1453 1
1454 2
1455 0
1456 1
1457 2
1458 0
1459 1
1460 2
1461 0
1462 1
1463 2
1464 0
1465 1
1466 2
1467 0
1468 1
1469 2
1470 0
1471 1
1472 2
1473 0
1474 1
1475 2
1476 0
1477 1
1478 2
1479 0
1480 1
1481 2
1482 0
1483 1
1484 2
1485 0
1486 1
1487 2
1488 0
1489 1
1490 2
1491 0
1492 1
1493 2
1494 0
1495 1
1496 2
1497 0
1498 1
1499 2
1500 0
1501 1
1502 2
1503 0
1504 1
1505 2
1506 0
1507 1
1508 2
1509 0
1510 1
1511 2
1512 0
1513 1
1514 2
1515 0
1516 1
1517 2
1518 0
1519 1
1520 2
1521 0
1522 1
1523 2
1524 0
1525 1
1526 2
1527 0
1528 1
1529 2
1530 0
1531 1
1532 2
1533 0
1534 1
1535 2
1536 0
1537 1
1538 2
1539 0
1540 1
1541 2
1542 0
1543 1
1544 2
1545 0
1546 1
1547 2
1548 0
1549 1
1550 2
1551 0
1552 1
1553 2
1554 0
1555 1
1556 2
1557 0
1558 1
1559 2
1560 0
1561 1
1562 2
1563 0
1564 1
1565 2
1566 0
1567 1
1568 2
1569 0
1570 1
1571 2
1572 0
1573 1
1574 2
1575 0
1576 1
1577 2
1578 0
1579 1
1580 2
1581 0
1582 1
1583 2
1584 0
1585 1
1586 2
1587 0
1588 1
1589 2
1590 0
1591 1
1592 2
1593 0
1594 1
1595 2
1596 0
1597 1
1598 2
1599 0
1600 1
1601 2
1602 0
1603 1
1604 2
1605 0
1606 1
1607 2
1608 0
1609 1
1610 2
1611 0
1612 1
1613 2
1614 0
1615 1
1616 2
1617 0
1618 1
1619 2
1620 0
1621 1
1622 2
1623 0
1624 1
1625 2
1626 0
1627 1
1628 2
1629 0
1630 1
1631 2
1632 0
1633 1
1634 2
1635 0
1636 1
1637 2
1638 0
1639 1
1640 2
1641 0
1642 1
1643 2
1644 0
1645 1
1646 2
1647 0
1648 1
1649 2
1650 0
1651 1
1652 2
1653 0
1654 1
1655 2
1656 0
1657 1
1658 2
1659 0
1660 1
1661 2
1662 0
1663 1
1664 2
1665 0
1666 1
1667 2
1668 0
1669 1
1670 2
1671 0
1672 1
1673 2
1674 0
1675 1
1676 2
1677 0
1678 1
1679 2
1680 0
1681 1
1682 2
1683 0
1684 1
1685 2
1686 0
1687 1
1688 2
1689 0
1690 1
1691 2
1692 0
1693 1
1694 2
1695 0
1696 1
1697 2
1698 0
1699 1
1700 2
1701 0
1702 1
1703 2
1704 0
1705 1
1706 2
1707 0
1708 1
1709 2
1710 0
1711 1
1712 2
1713 0
1714 1
1715 2
1716 0
1717 1
1718 2
1719 0
1720 1
1721 2
1722 0
1723 1
1724 2
1725 0
1726 1
1727 2
1728 0
1729 1
1730 2
1731 0
1732 1
1733 2
1734 0
1735 1
1736 2
1737 0
1738 1
1739 2
1740 0
1741 1
1742 2
1743 0
1744 1
1745 2
1746 0
1747 1
1748 2
1749 0
1750 1
1751 2
1752 0
1753 1
1754 2
1755 0
1756 1
1757 2
1758 0
1759 1
1760 2
1761 0
1762 1
1763 2
1764 0
1765 1
1766 2
1767 0
1768 1
1769 2
1770 0
1771 1
1772 2
1773 0
1774 1
1775 2
1776 0
1777 1
1778 2
1779 0
1780 1
1781 2
1782 0
1783 1
1784 2
1785 0
1786 1
1787 2
1788 0
1789 1
1790 2
1791 0
1792 1
1793 2
1794 0
1795 1
1796 2
1797 0
1798 1
1799 2
1800 0
1801 1
1802 2
1803 0
1804 1
1805 2
1806 0
1807 1
1808 2
1809 0
1810 1
1811 2
1812 0
1813 1
1814 2
1815 0
1816 1
1817 2
1818 0
1819 1
1820 2
1821 0
1822 1
1823 2
1824 0
1825 1
1826 2
1827 0
1828 1
1829 2
1830 0
1831 1
1832 2
1833 0
1834 1
1835 2
1836 0
1837 1
1838 2
1839 0
1840 1
1841 2
1842 0
1843 1
1844 2
1845 0
1846 1
1847 2
1848 0
1849 1
1850 2
1851 0
1852 1
1853 2
1854 0
1855 1
1856 2
1857 0
1858 1
1859 2
1860 0
1861 1
1862 2
1863 0
1864 1
1865 2
1866 0
1867 1
1868 2
1869 0
1870 1
1871 2
1872 0
1873 1
1874 2
1875 0
1876 1
1877 2
1878 0
1879 1
1880 2
1881 0
1882 1
1883 2
1884 0
1885 1
1886 2
1887 0
1888 1
1889 2
1890 0
1891 1
1892 2
1893 0
1894 1
1895 2
1896 0
1897 1
1898 2
1899 0
1900 1
1901 2
1902 0
1903 1
1904 2
1905 0
1906 1
1907 2
1908 0
1909 1
1910 2
1911 0
1912 1
1913 2
1914 0
1915 1
1916 2
1917 0
1918 1
1919 2
1920 0
1921 1
1922 2
1923 0
1924 1
1925 2
1926 0
1927 1
1928 2
1929 0
1930 1
1931 2
1932 0
1933 1
1934 2
1935 0
1936 1
1937 2
1938 0
1939 1
1940 2
1941 0
1942 1
1943 2
1944 0
1945 1
1946 2
1947 0
1948 1
1949 2
1950 0
1951 1
1952 2
1953 0
1954 1
1955 2
1956 0
1957 1
1958 2
1959 0
1960 1
1961 2
1962 0
1963 1
1964 2
1965 0
1966 1
1967 2
1968 0
1969 1
1970 2
1971 0
1972 1
1973 2
1974 0
1975 1
1976 2
1977 0
1978 1
1979 2
1980 0
1981 1
1982 2
1983 0
1984 1
1985 2
1986 0
1987 1
1988 2
1989 0
1990 1
1991 2
1992 0
1993 1
1994 2
1995 0
1996 1
1997 2
1998 0
1999 1
2000 2
2001 0
2002 1
2003 2
2004 0
2005 1
2006 2
2007 0
2008 1
2009 2
2010 0
2011 1
2012 2
2013 0
2014 1
2015 2
2016 0
2017 1
2018 2
2019 0
2020 1
2021 2
2022 0
2023 1
2024 2
2025 0
2026 1
2027 2
2028 0
2029 1
2030 2
2031 0
2032 1
2033 2
2034 0
2035 1
2036 2
2037 0
2038 1
2039 2
2040 0
2041 1
2042 2
2043 0
2044 1
2045 2
2046 0
2047 1
2048 2
2049 0
2050 1
2051 2
2052 0
2053 1
2054 2
2055 0
2056 1
2057 2
2058 0
2059 1
2060 2
2061 0
2062 1
2063 2
2064 0
2065 1
2066 2
2067 0
2068 1
2069 2
2070 0
2071 1
2072 2
2073 0
2074 1
2075 2
2076 0
2077 1
2078 2
2079 0
2080 1
2081 2
2082 0
2083 1
2084 2
2085 0
2086 1
2087 2
2088 0
2089 1
2090 2
2091 0
2092 1
2093 2
2094 0
2095 1
2096 2
2097 0
2098 1
2099 2
2100 0
2101 1
2102 2
2103 0
2104 1
2105 2
2106 0
2107 1
2108 2
2109 0
2110 1
2111 2
2112 0
2113 1
2114 2
2115 0
2116 1
2117 2
2118 0
2119 1
2120 2
2121 0
2122 1
2123 2
2124 0
2125 1
2126 2
2127 0
2128 1
2129 2
2130 0
2131 1
2132 2
2133 0
2134 1
2135 2
2136 0
2137 1
2138 2
2139 0
2140 1
2141 2
2142 0
2143 1
2144 2
2145 0
2146 1
2147 2
2148 0
2149 1
2150 2
2151 0
2152 1
2153 2
2154 0
2155 1
2156 2
2157 0
2158 1
2159 2
2160 0
2161 1
2162 2
2163 0
2164 1
2165 2
2166 0
2167 1
2168 2
2169 0
2170 1
2171 2
2172 0
2173 1
2174 2
2175 0
2176 1
2177 2
2178 0
2179 1
2180 2
2181 0
2182 1
2183 2
2184 0
2185 1
2186 2
2187 0
2188 1
2189 2
2190 0
2191 1
2192 2
2193 0
2194 1
2195 2
2196 0
2197 1
2198 2
2199 0
2200 1
2201 2
2202 0
2203 1
2204 2
2205 0
2206 1
2207 2
2208 0
2209 1
2210 2
2211 0
2212 1
2213 2
2214 0
2215 1
2216 2
2217 0
2218 1
2219 2
2220 0
2221 1
2222 2
2223 0
2224 1
2225 2
2226 0
2227 1
2228 2
2229 0
2230 1
2231 2
2232 0
2233 1
2234 2
2235 0
2236 1
2237 2
2238 0
2239 1
2240 2
2241 0
2242 1
2243 2
2244 0
2245 1
2246 2
2247 0
2248 1
2249 2
2250 0
2251 1
2252 2
2253 0
2254 1
2255 2
2256 0
2257 1
2258 2
2259 0
2260 1
2261 2
2262 0
2263 1
2264 2
2265 0
2266 1
2267 2
2268 0
2269 1
2270 2
2271 0
2272 1
2273 2
2274 0
2275 1
2276 2
2277 0
2278 1
2279 2
2280 0
2281 1
2282 2
2283 0
2284 1
2285 2
2286 0
2287 1
2288 2
2289 0
2290 1
2291 2
2292 0
2293 1
2294 2
2295 0
2296 1
2297 2
2298 0
2299 1
2300 2
2301 0
2302 1
2303 2
2304 0
2305 1
2306 2
2307 0
2308 1
2309 2
2310 0
2311 1
2312 2
2313 0
2314 1
2315 2
2316 0
2317 1
2318 2
2319 0
2320 1
2321 2
2322 0
2323 1
2324 2
2325 0
2326 1
2327 2
2328 0
2329 1
2330 2
2331 0
2332 1
2333 2
2334 0
2335 1
2336 2
2337 0
2338 1
2339 2
2340 0
2341 1
2342 2
2343 0
2344 1
2345 2
2346 0
2347 1
2348 2
2349 0
2350 1
2351 2
2352 0
2353 1
2354 2
2355 0
2356 1
2357 2
2358 0
2359 1
2360 2
2361 0
2362 1
2363 2
2364 0
2365 1
2366 2
2367 0
2368 1
2369 2
2370 0
2371 1
2372 2
2373 0
2374 1
2375 2
2376 0
2377 1
2378 2
2379 0
2380 1
2381 2
2382 0
2383 1
2384 2
2385 0
2386 1
2387 2
2388 0
2389 1
2390 2
2391 0
2392 1
2393 2
2394 0
2395 1
2396 2
2397 0
2398 1
2399 2
2400 0
2401 1
2402 2
2403 0
2404 1
2405 2
2406 0
2407 1
2408 2
2409 0
2410 1
2411 2
2412 0
2413 1
2414 2
2415 0
2416 1
2417 2
2418 0
2419 1
2420 2
2421 0
2422 1
2423 2
2424 0
2425 1
2426 2
2427 0
2428 1
2429 2
2430 0
2431 1
2432 2
2433 0
2434 1
2435 2
2436 0
2437 1
2438 2
2439 0
2440 1
2441 2
2442 0
2443 1
2444 2
2445 0
2446 1
2447 2
2448 0
2449 1
2450 2
2451 0
2452 1
2453 2
2454 0
2455 1
2456 2
2457 0
2458 1
2459 2
2460 0
2461 1
2462 2
2463 0
2464 1
2465 2
2466 0
2467 1
2468 2
2469 0
2470 1
2471 2
2472 0
2473 1
2474 2
2475 0
2476 1
2477 2
2478 0
2479 1
2480 2
2481 0
2482 1
2483 2
2484 0
2485 1
2486 2
2487 0
2488 1
2489 2
2490 0
2491 1
2492 2
2493 0
2494 1
2495 2
2496 0
2497 1
2498 2
2499 0
2500 1
2501 2
2502 0
2503 1
2504 2
2505 0
2506 1
2507 2
2508 0
2509 1
2510 2
2511 0
2512 1
2513 2
2514 0
2515 1
2516 2
2517 0
2518 1
2519 2
2520 0
2521 1
2522 2
2523 0
2524 1
2525 2
2526 0
2527 1
2528 2
2529 0
2530 1
2531 2
2532 0
2533 1
2534 2
2535 0
2536 1
2537 2
2538 0
2539 1
2540 2
2541 0
2542 1
2543 2
2544 0
2545 1
2546 2
2547 0
2548 1
2549 2
2550 0
2551 1
2552 2
2553 0
2554 1
2555 2
2556 0
2557 1
2558 2
2559 0
2560 1
2561 2
2562 0
2563 1
2564 2
2565 0
2566 1
2567 2
2568 0
2569 1
2570 2
2571 0
2572 1
2573 2
2574 0
2575 1
2576 2
2577 0
2578 1
2579 2
2580 0
2581 1
2582 2
2583 0
2584 1
2585 2
2586 0
2587 1
2588 2
2589 0
2590 1
2591 2
2592 0
2593 1
2594 2
2595 0
2596 1
2597 2
2598 0
2599 1
2600 2
2601 0
2602 1
2603 2
2604 0
2605 1
2606 2
2607 0
2608 1
2609 2
2610 0
2611 1
2612 2
2613 0
2614 1
2615 2
2616 0
2617 1
2618 2
2619 0
2620 1
2621 2
2622 0
2623 1
2624 2
2625 0
2626 1
2627 2
2628 0
2629 1
2630 2
2631 0
2632 1
2633 2
2634 0
2635 1
2636 2
2637 0
2638 1
2639 2
2640 0
2641 1
2642 2
2643 0
2644 1
2645 2
2646 0
2647 1
2648 2
2649 0
2650 1
2651 2
2652 0
2653 1
2654 2
2655 0
2656 1
2657 2
2658 0
2659 1
2660 2
2661 0
2662 1
2663 2
2664 0
2665 1
2666 2
2667 0
2668 1
2669 2
2670 0
2671 1
2672 2
2673 0
2674 1
2675 2
2676 0
2677 1
2678 2
2679 0
2680 1
2681 2
2682 0
2683 1
2684 2
2685 0
2686 1
2687 2
2688 0
2689 1
2690 2
2691 0
2692 1
2693 2
2694 0
2695 1
2696 2
2697 0
2698 1
2699 2
2700 0
2701 1
2702 2
2703 0
2704 1
2705 2
2706 0
2707 1
2708 2
2709 0
2710 1
2711 2
2712 0
2713 1
2714 2
2715 0
2716 1
2717 2
2718 0
2719 1
2720 2
2721 0
2722 1
2723 2
2724 0
2725 1
2726 2
2727 0
2728 1
2729 2
2730 0
2731 1
2732 2
2733 0
2734 1
2735 2
2736 0
2737 1
2738 2
2739 0
2740 1
2741 2
2742 0
2743 1
2744 2
2745 0
2746 1
2747 2
2748 0
2749 1
2750 2
2751 0
2752 1
2753 2
2754 0
2755 1
2756 2
2757 0
2758 1
2759 2
2760 0
2761 1
2762 2
2763 0
2764 1
2765 2
2766 0
2767 1
2768 2
2769 0
2770 1
2771 2
2772 0
2773 1
2774 2
2775 0
2776 1
2777 2
2778 0
2779 1
2780 2
2781 0
2782 1
2783 2
2784 0
2785 1
2786 2
2787 0
2788 1
2789 2
2790 0
2791 1
2792 2
2793 0
2794 1
2795 2
2796 0
2797 1
2798 2
2799 0
2800 1
2801 2
2802 0
2803 1
2804 2
2805 0
2806 1
2807 2
2808 0
2809 1
2810 2
2811 0
2812 1
2813 2
2814 0
2815 1
2816 2
2817 0
2818 1
2819 2
2820 0
2821 1
2822 2
2823 0
2824 1
2825 2
2826 0
2827 1
2828 2
2829 0
2830 1
2831 2
2832 0
2833 1
2834 2
2835 0
2836 1
2837 2
2838 0
2839 1
2840 2
2841 0
2842 1
2843 2
2844 0
2845 1
2846 2
2847 0
2848 1
2849 2
2850 0
2851 1
2852 2
2853 0
2854 1
2855 2
2856 0
2857 1
2858 2
2859 0
2860 1
2861 2
2862 0
2863 1
2864 2
2865 0
2866 1
2867 2
2868 0
2869 1
2870 2
2871 0
2872 1
2873 2
2874 0
2875 1
2876 2
2877 0
2878 1
2879 2
2880 0
2881 1
2882 2
2883 0
2884 1
2885 2
2886 0
2887 1
2888 2
2889 0
2890 1
2891 2
2892 0
2893 1
2894 2
2895 0
2896 1
2897 2
2898 0
2899 1
2900 2
2901 0
2902 1
2903 2
2904 0
2905 1
2906 2
2907 0
2908 1
2909 2
2910 0
2911 1
2912 2
2913 0
2914 1
2915 2
2916 0
2917 1
2918 2
2919 0
2920 1
2921 2
2922 0
2923 1
2924 2
2925 0
2926 1
2927 2
2928 0
2929 1
2930 2
2931 0
2932 1
2933 2
2934 0
2935 1
2936 2
2937 0
2938 1
2939 2
2940 0
2941 1
2942 2
2943 0
2944 1
2945 2
2946 0
2947 1
2948 2
2949 0
2950 1
2951 2
2952 0
2953 1
2954 2
2955 0
2956 1
2957 2
2958 0
2959 1
2960 2
2961 0
2962 1
2963 2
2964 0
2965 1
2966 2
2967 0
2968 1
2969 2
2970 0
2971 1
2972 2
2973 0
2974 1
2975 2
2976 0
2977 1
2978 2
2979 0
2980 1
2981 2
2982 0
2983 1
2984 2
2985 0
2986 1
2987 2
2988 0
2989 1
2990 2
2991 0
2992 1
2993 2
2994 0
2995 1
2996 2
2997 0
2998 1
2999 2
3000 0
3001 1
3002 2
3003 0
3004 1
3005 2
3006 0
3007 1
3008 2
3009 0
3010 1
3011 2
3012 0
3013 1
3014 2
3015 0
3016 1
3017 2
3018 0
3019 1
3020 2
3021 0
3022 1
3023 2
3024 0
3025 1
3026 2
3027 0
3028 1
3029 2
3030 0
3031 1
3032 2
3033 0
3034 1
3035 2
3036 0
3037 1
3038 2
3039 0
3040 1
3041 2
3042 0
3043 1
3044 2
3045 0
3046 1
3047 2
3048 0
3049 1
3050 2
3051 0
3052 1
3053 2
3054 0
3055 1
3056 2
3057 0
3058 1
3059 2
3060 0
3061 1
3062 2
3063 0
3064 1
3065 2
3066 0
3067 1
3068 2
3069 0
3070 1
3071 2
3072 0
3073 1
3074 2
3075 0
3076 1
3077 2
3078 0
3079 1
3080 2
3081 0
3082 1
3083 2
3084 0
3085 1
3086 2
3087 0
3088 1
3089 2
3090 0
3091 1
3092 2
3093 0
3094 1
3095 2
3096 0
3097 1
3098 2
3099 0
3100 1
3101 2
3102 0
3103 1
3104 2
3105 0
3106 1
3107 2
3108 0
3109 1
3110 2
3111 0
3112 1
3113 2
3114 0
3115 1
3116 2
3117 0
3118 1
3119 2
3120 0
3121 1
3122 2
3123 0
3124 1
3125 2
3126 0
3127 1
3128 2
3129 0
3130 1
3131 2
3132 0
3133 1
3134 2
3135 0
3136 1
3137 2
3138 0
3139 1
3140 2
3141 0
3142 1
3143 2
3144 0
3145 1
3146 2
3147 0
3148 1
3149 2
3150 0
3151 1
3152 2
3153 0
3154 1
3155 2
3156 0
3157 1
3158 2
3159 0
3160 1
3161 2
3162 0
3163 1
3164 2
3165 0
3166 1
3167 2
3168 0
3169 1
3170 2
3171 0
3172 1
3173 2
3174 0
3175 1
3176 2
3177 0
3178 1
3179 2
3180 0
3181 1
3182 2
3183 0
3184 1
3185 2
3186 0
3187 1
3188 2
3189 0
3190 1
3191 2
3192 0
3193 1
3194 2
3195 0
3196 1
3197 2
3198 0
3199 1
3200 2
3201 0
3202 1
3203 2
3204 0
3205 1
3206 2
3207 0
3208 1
3209 2
3210 0
3211 1
3212 2
3213 0
3214 1
3215 2
3216 0
3217 1
3218 2
3219 0
3220 1
3221 2
3222 0
3223 1
3224 2
3225 0
3226 1
3227 2
3228 0
3229 1
3230 2
3231 0
3232 1
3233 2
3234 0
3235 1
3236 2
3237 0
3238 1
3239 2
3240 0
3241 1
3242 2
3243 0
3244 1
3245 2
3246 0
3247 1
3248 2
3249 0
3250 1
3251 2
3252 0
3253 1
3254 2
3255 0
3256 1
3257 2
3258 0
3259 1
3260 2
3261 0
3262 1
3263 2
3264 0
3265 1
3266 2
3267 0
3268 1
3269 2
3270 0
3271 1
3272 2
3273 0
3274 1
3275 2
3276 0
3277 1
3278 2
3279 0
3280 1
3281 2
3282 0
3283 1
3284 2
3285 0
3286 1
3287 2
3288 0
3289 1
3290 2
3291 0
3292 1
3293 2
3294 0
3295 1
3296 2
3297 0
3298 1
3299 2
3300 0
3301 1
3302 2
3303 0
3304 1
3305 2
3306 0
3307 1
3308 2
3309 0
3310 1
3311 2
3312 0
3313 1
3314 2
3315 0
3316 1
3317 2
3318 0
3319 1
3320 2
3321 0
3322 1
3323 2
3324 0
3325 1
3326 2
3327 0
3328 1
3329 2
3330 0
3331 1
3332 2
3333 0
3334 1
3335 2
3336 0
3337 1
3338 2
3339 0
3340 1
3341 2
3342 0
3343 1
3344 2
3345 0
3346 1
3347 2
3348 0
3349 1
3350 2
3351 0
3352 1
3353 2
3354 0
3355 1
3356 2
3357 0
3358 1
3359 2
3360 0
3361 1
3362 2
3363 0
3364 1
3365 2
3366 0
3367 1
3368 2
3369 0
3370 1
3371 2
3372 0
3373 1
3374 2
3375 0
3376 1
3377 2
3378 0
3379 1
3380 2
3381 0
3382 1
3383 2
3384 0
3385 1
3386 2
3387 0
3388 1
3389 2
3390 0
3391 1
3392 2
3393 0
3394 1
3395 2
3396 0
3397 1
3398 2
3399 0
3400 1
3401 2
3402 0
3403 1
3404 2
3405 0
3406 1
3407 2
3408 0
3409 1
3410 2
3411 0
3412 1
3413 2
3414 0
3415 1
3416 2
3417 0
3418 1
3419 2
3420 0
3421 1
3422 2
3423 0
3424 1
3425 2
3426 0
3427 1
3428 2
3429 0
3430 1
3431 2
3432 0
3433 1
3434 2
3435 0
3436 1
3437 2
3438 0
3439 1
3440 2
3441 0
3442 1
3443 2
3444 0
3445 1
3446 2
3447 0
3448 1
3449 2
3450 0
3451 1
3452 2
3453 0
3454 1
3455 2
3456 0
3457 1
3458 2
3459 0
3460 1
3461 2
3462 0
3463 1
3464 2
3465 0
3466 1
3467 2
3468 0
3469 1
3470 2
3471 0
3472 1
3473 2
3474 0
3475 1
3476 2
3477 0
3478 1
3479 2
3480 0
3481 1
3482 2
3483 0
3484 1
3485 2
3486 0
3487 1
3488 2
3489 0
3490 1
3491 2
3492 0
3493 1
3494 2
3495 0
3496 1
3497 2
3498 0
3499 1
3500 2
3501 0
3502 1
3503 2
3504 0
3505 1
3506 2
3507 0
3508 1
3509 2
3510 0
3511 1
3512 2
3513 0
3514 1
3515 2
3516 0
3517 1
3518 2
3519 0
3520 1
3521 2
3522 0
3523 1
3524 2
3525 0
3526 1
3527 2
3528 0
3529 1
3530 2
3531 0
3532 1
3533 2
3534 0
3535 1
3536 2
3537 0
3538 1
3539 2
3540 0
3541 1
3542 2
3543 0
3544 1
3545 2
3546 0
3547 1
3548 2
3549 0
3550 1
3551 2
3552 0
3553 1
3554 2
3555 0
3556 1
3557 2
3558 0
3559 1
3560 2
3561 0
3562 1
3563 2
3564 0
3565 1
3566 2
3567 0
3568 1
3569 2
3570 0
3571 1
3572 2
3573 0
3574 1
3575 2
3576 0
3577 1
3578 2
3579 0
3580 1
3581 2
3582 0
3583 1
3584 2
3585 0
3586 1
3587 2
3588 0
3589 1
3590 2
3591 0
3592 1
3593 2
3594 0
3595 1
3596 2
3597 0
3598 1
3599 2
3600 0
3601 1
3602 2
3603 0
3604 1
3605 2
3606 0
3607 1
3608 2
3609 0
3610 1
3611 2
3612 0
3613 1
3614 2
3615 0
3616 1
3617 2
3618 0
3619 1
3620 2
3621 0
3622 1
3623 2
3624 0
3625 1
3626 2
3627 0
3628 1
3629 2
3630 0
3631 1
3632 2
3633 0
3634 1
3635 2
3636 0
3637 1
3638 2
3639 0
3640 1
3641 2
3642 0
3643 1
3644 2
3645 0
3646 1
3647 2
3648 0
3649 1
3650 2
3651 0
3652 1
3653 2
3654 0
3655 1
3656 2
3657 0
3658 1
3659 2
3660 0
3661 1
3662 2
3663 0
3664 1
3665 2
3666 0
3667 1
3668 2
3669 0
3670 1
3671 2
3672 0
3673 1
3674 2
3675 0
3676 1
3677 2
3678 0
3679 1
3680 2
3681 0
3682 1
3683 2
3684 0
3685 1
3686 2
3687 0
3688 1
3689 2
3690 0
3691 1
3692 2
3693 0
3694 1
3695 2
3696 0
3697 1
3698 2
3699 0
3700 1
3701 2
3702 0
3703 1
3704 2
3705 0
3706 1
3707 2
3708 0
3709 1
3710 2
3711 0
3712 1
3713 2
3714 0
3715 1
3716 2
3717 0
3718 1
3719 2
3720 0
3721 1
3722 2
3723 0
3724 1
3725 2
3726 0
3727 1
3728 2
3729 0
3730 1
3731 2
3732 0
3733 1
3734 2
3735 0
3736 1
3737 2
3738 0
3739 1
3740 2
3741 0
3742 1
3743 2
3744 0
3745 1
3746 2
3747 0
3748 1
3749 2
3750 0
3751 1
3752 2
3753 0
3754 1
3755 2
3756 0
3757 1
3758 2
3759 0
3760 1
3761 2
3762 0
3763 1
3764 2
3765 0
3766 1
3767 2
3768 0
3769 1
3770 2
3771 0
3772 1
3773 2
3774 0
3775 1
3776 2
3777 0
3778 1
3779 2
3780 0
3781 1
3782 2
3783 0
3784 1
3785 2
3786 0
3787 1
3788 2
3789 0
3790 1
3791 2
3792 0
3793 1
3794 2
3795 0
3796 1
3797 2
3798 0
3799 1
3800 2
3801 0
3802 1
3803 2
3804 0
3805 1
3806 2
3807 0
3808 1
3809 2
3810 0
3811 1
3812 2
3813 0
3814 1
3815 2
3816 0
3817 1
3818 2
3819 0
3820 1
3821 2
3822 0
3823 1
3824 2
3825 0
3826 1
3827 2
3828 0
3829 1
3830 2
3831 0
3832 1
3833 2
3834 0
3835 1
3836 2
3837 0
3838 1
3839 2
3840 0
3841 1
3842 2
3843 0
3844 1
3845 2
3846 0
3847 1
3848 2
3849 0
3850 1
3851 2
3852 0
3853 1
3854 2
3855 0
3856 1
3857 2
3858 0
3859 1
3860 2
3861 0
3862 1
3863 2
3864 0
3865 1
3866 2
3867 0
3868 1
3869 2
3870 0
3871 1
3872 2
3873 0
3874 1
3875 2
3876 0
3877 1
3878 2
3879 0
3880 1
3881 2
3882 0
3883 1
3884 2
3885 0
3886 1
3887 2
3888 0
3889 1
3890 2
3891 0
3892 1
3893 2
3894 0
3895 1
3896 2
3897 0
3898 1
3899 2
3900 0
3901 1
3902 2
3903 0
3904 1
3905 2
3906 0
3907 1
3908 2
3909 0
3910 1
3911 2
3912 0
3913 1
3914 2
3915 0
3916 1
3917 2
3918 0
3919 1
3920 2
3921 0
3922 1
3923 2
3924 0
3925 1
3926 2
3927 0
3928 1
3929 2
3930 0
3931 1
3932 2
3933 0
3934 1
3935 2
3936 0
3937 1
3938 2
3939 0
3940 1
3941 2
3942 0
3943 1
3944 2
3945 0
3946 1
3947 2
3948 0
3949 1
3950 2
3951 0
3952 1
3953 2
3954 0
3955 1
3956 2
3957 0
3958 1
3959 2
3960 0
3961 1
3962 2
3963 0
3964 1
3965 2
3966 0
3967 1
3968 2
3969 0
3970 1
3971 2
3972 0
3973 1
3974 2
3975 0
3976 1
3977 2
3978 0
3979 1
3980 2
3981 0
3982 1
3983 2
3984 0
3985 1
3986 2
3987 0
3988 1
3989 2
3990 0
3991 1
3992 2
3993 0
3994 1
3995 2
3996 0
3997 1
3998 2
3999 0
4000 1
4001 2
4002 0
4003 1
4004 2
4005 0
4006 1
4007 2
4008 0
4009 1
4010 2
4011 0
4012 1
4013 2
4014 0
4015 1
4016 2
4017 0
4018 1
4019 2
4020 0
4021 1
4022 2
4023 0
4024 1
4025 2
4026 0
4027 1
4028 2
4029 0
4030 1
4031 2
4032 0
4033 1
4034 2
4035 0
4036 1
4037 2
4038 0
4039 1
4040 2
4041 0
4042 1
4043 2
4044 0
4045 1
4046 2
4047 0
4048 1
4049 2
4050 0
4051 1
4052 2
4053 0
4054 1
4055 2
4056 0
4057 1
4058 2
4059 0
4060 1
4061 2
4062 0
4063 1
4064 2
4065 0
4066 1
4067 2
4068 0
4069 1
4070 2
4071 0
4072 1
4073 2
4074 0
4075 1
4076 2
4077 0
4078 1
4079 2
4080 0
4081 1
4082 2
4083 0
4084 1
4085 2
4086 0
4087 1
4088 2
4089 0
4090 1
4091 2
4092 0
4093 1
4094 2
4095 0
4096 1
4097 2
4098 0
4099 1
4100 2
4101 0
4102 1
4103 2
4104 0
4105 1
4106 2
4107 0
4108 1
4109 2
4110 0
4111 1
4112 2
4113 0
4114 1
4115 2
4116 0
4117 1
4118 2
4119 0
4120 1
4121 2
4122 0
4123 1
4124 2
4125 0
4126 1
4127 2
4128 0
4129 1
4130 2
4131 0
4132 1
4133 2
4134 0
4135 1
4136 2
4137 0
4138 1
4139 2
4140 0
4141 1
4142 2
4143 0
4144 1
4145 2
4146 0
4147 1
4148 2
4149 0
4150 1
4151 2
4152 0
4153 1
4154 2
4155 0
4156 1
4157 2
4158 0
4159 1
4160 2
4161 0
4162 1
4163 2
4164 0
4165 1
4166 2
4167 0
4168 1
4169 2
4170 0
4171 1
4172 2
4173 0
4174 1
4175 2
4176 0
4177 1
4178 2
4179 0
4180 1
4181 2
4182 0
4183 1
4184 2
4185 0
4186 1
4187 2
4188 0
4189 1
4190 2
4191 0
4192 1
4193 2
4194 0
4195 1
4196 2
4197 0
4198 1
4199 2
4200 0
4201 1
4202 2
4203 0
4204 1
4205 2
4206 0
4207 1
4208 2
4209 0
4210 1
4211 2
4212 0
4213 1
4214 2
4215 0
4216 1
4217 2
4218 0
4219 1
4220 2
4221 0
4222 1
4223 2
4224 0
4225 1
4226 2
4227 0
4228 1
4229 2
4230 0
4231 1
4232 2
4233 0
4234 1
4235 2
4236 0
4237 1
4238 2
4239 0
4240 1
4241 2
4242 0
4243 1
4244 2
4245 0
4246 1
4247 2
4248 0
4249 1
4250 2
4251 0
4252 1
4253 2
4254 0
4255 1
4256 2
4257 0
4258 1
4259 2
4260 0
4261 1
4262 2
4263 0
4264 1
4265 2
4266 0
4267 1
4268 2
4269 0
4270 1
4271 2
4272 0
4273 1
4274 2
4275 0
4276 1
4277 2
4278 0
4279 1
4280 2
4281 0
4282 1
4283 2
4284 0
4285 1
4286 2
4287 0
4288 1
4289 2
4290 0
4291 1
4292 2
4293 0
4294 1
4295 2
4296 0
4297 1
4298 2
4299 0
4300 1
4301 2
4302 0
4303 1
4304 2
4305 0
4306 1
4307 2
4308 0
4309 1
4310 2
4311 0
4312 1
4313 2
4314 0
4315 1
4316 2
4317 0
4318 1
4319 2
4320 0
4321 1
4322 2
4323 0
4324 1
4325 2
4326 0
4327 1
4328 2
4329 0
4330 1
4331 2
4332 0
4333 1
4334 2
4335 0
4336 1
4337 2
4338 0
4339 1
4340 2
4341 0
4342 1
4343 2
4344 0
4345 1
4346 2
4347 0
4348 1
4349 2
4350 0
4351 1
4352 2
4353 0
4354 1
4355 2
4356 0
4357 1
4358 2
4359 0
4360 1
4361 2
4362 0
4363 1
4364 2
4365 0
4366 1
4367 2
4368 0
4369 1
4370 2
4371 0
4372 1
4373 2
4374 0
4375 1
4376 2
4377 0
4378 1
4379 2
4380 0
4381 1
4382 2
4383 0
4384 1
4385 2
4386 0
4387 1
4388 2
4389 0
4390 1
4391 2
4392 0
4393 1
4394 2
4395 0
4396 1
4397 2
4398 0
4399 1
4400 2
4401 0
4402 1
4403 2
4404 0
4405 1
4406 2
4407 0
4408 1
4409 2
4410 0
4411 1
4412 2
4413 0
4414 1
4415 2
4416 0
4417 1
4418 2
4419 0
4420 1
4421 2
4422 0
4423 1
4424 2
4425 0
4426 1
4427 2
4428 0
4429 1
4430 2
4431 0
4432 1
4433 2
4434 0
4435 1
4436 2
4437 0
4438 1
4439 2
4440 0
4441 1
4442 2
4443 0
4444 1
4445 2
4446 0
4447 1
4448 2
4449 0
4450 1
4451 2
4452 0
4453 1
4454 2
4455 0
4456 1
4457 2
4458 0
4459 1
4460 2
4461 0
4462 1
4463 2
4464 0
4465 1
4466 2
4467 0
4468 1
4469 2
4470 0
4471 1
4472 2
4473 0
4474 1
4475 2
4476 0
4477 1
4478 2
4479 0
4480 1
4481 2
4482 0
4483 1
4484 2
4485 0
4486 1
4487 2
4488 0
4489 1
4490 2
4491 0
4492 1
4493 2
4494 0
4495 1
4496 2
4497 0
4498 1
4499 2
4500 0
4501 1
4502 2
4503 0
4504 1
4505 2
4506 0
4507 1
4508 2
4509 0
4510 1
4511 2
4512 0
4513 1
4514 2
4515 0
4516 1
4517 2
4518 0
4519 1
4520 2
4521 0
4522 1
4523 2
4524 0
4525 1
4526 2
4527 0
4528 1
4529 2
4530 0
4531 1
4532 2
4533 0
4534 1
4535 2
4536 0
4537 1
4538 2
4539 0
4540 1
4541 2
4542 0
4543 1
4544 2
4545 0
4546 1
4547 2
4548 0
4549 1
4550 2
4551 0
4552 1
4553 2
4554 0
4555 1
4556 2
4557 0
4558 1
4559 2
4560 0
4561 1
4562 2
4563 0
4564 1
4565 2
4566 0
4567 1
4568 2
4569 0
4570 1
4571 2
4572 0
4573 1
4574 2
4575 0
4576 1
4577 2
4578 0
4579 1
4580 2
4581 0
4582 1
4583 2
4584 0
4585 1
4586 2
4587 0
4588 1
4589 2
4590 0
4591 1
4592 2
4593 0
4594 1
4595 2
4596 0
4597 1
4598 2
4599 0
4600 1
4601 2
4602 0
4603 1
4604 2
4605 0
4606 1
4607 2
4608 0
4609 1
4610 2
4611 0
4612 1
4613 2
4614 0
4615 1
4616 2
4617 0
4618 1
4619 2
4620 0
4621 1
4622 2
4623 0
4624 1
4625 2
4626 0
4627 1
4628 2
4629 0
4630 1
4631 2
4632 0
4633 1
4634 2
4635 0
4636 1
4637 2
4638 0
4639 1
4640 2
4641 0
4642 1
4643 2
4644 0
4645 1
4646 2
4647 0
4648 1
4649 2
4650 0
4651 1
4652 2
4653 0
4654 1
4655 2
4656 0
4657 1
4658 2
4659 0
4660 1
4661 2
4662 0
4663 1
4664 2
4665 0
4666 1
4667 2
4668 0
4669 1
4670 2
4671 0
4672 1
4673 2
4674 0
4675 1
4676 2
4677 0
4678 1
4679 2
4680 0
4681 1
4682 2
4683 0
4684 1
4685 2
4686 0
4687 1
4688 2
4689 0
4690 1
4691 2
4692 0
4693 1
4694 2
4695 0
4696 1
4697 2
4698 0
4699 1
4700 2
4701 0
4702 1
4703 2
4704 0
4705 1
4706 2
4707 0
4708 1
4709 2
4710 0
4711 1
4712 2
4713 0
4714 1
4715 2
4716 0
4717 1
4718 2
4719 0
4720 1
4721 2
4722 0
4723 1
4724 2
4725 0
4726 1
4727 2
4728 0
4729 1
4730 2
4731 0
4732 1
4733 2
4734 0
4735 1
4736 2
4737 0
4738 1
4739 2
4740 0
4741 1
4742 2
4743 0
4744 1
4745 2
4746 0
4747 1
4748 2
4749 0
4750 1
4751 2
4752 0
4753 1
4754 2
4755 0
4756 1
4757 2
4758 0
4759 1
4760 2
4761 0
4762 1
4763 2
4764 0
4765 1
4766 2
4767 0
4768 1
4769 2
4770 0
4771 1
4772 2
4773 0
4774 1
4775 2
4776 0
4777 1
4778 2
4779 0
4780 1
4781 2
4782 0
4783 1
4784 2
4785 0
4786 1
4787 2
4788 0
4789 1
4790 2
4791 0
4792 1
4793 2
4794 0
4795 1
4796 2
4797 0
4798 1
4799 2
4800 0
4801 1
4802 2
4803 0
4804 1
4805 2
4806 0
4807 1
4808 2
4809 0
4810 1
4811 2
4812 0
4813 1
4814 2
4815 0
4816 1
4817 2
4818 0
4819 1
4820 2
4821 0
4822 1
4823 2
4824 0
4825 1
4826 2
4827 0
4828 1
4829 2
4830 0
4831 1
4832 2
4833 0
4834 1
4835 2
4836 0
4837 1
4838 2
4839 0
4840 1
4841 2
4842 0
4843 1
4844 2
4845 0
4846 1
4847 2
4848 0
4849 1
4850 2
4851 0
4852 1
4853 2
4854 0
4855 1
4856 2
4857 0
4858 1
4859 2
4860 0
4861 1
4862 2
4863 0
4864 1
4865 2
4866 0
4867 1
4868 2
4869 0
4870 1
4871 2
4872 0
4873 1
4874 2
4875 0
4876 1
4877 2
4878 0
4879 1
4880 2
4881 0
4882 1
4883 2
4884 0
4885 1
4886 2
4887 0
4888 1
4889 2
4890 0
4891 1
4892 2
4893 0
4894 1
4895 2
4896 0
4897 1
4898 2
4899 0
4900 1
4901 2
4902 0
4903 1
4904 2
4905 0
4906 1
4907 2
4908 0
4909 1
4910 2
4911 0
4912 1
4913 2
4914 0
4915 1
4916 2
4917 0
4918 1
4919 2
4920 0
4921 1
4922 2
4923 0
4924 1
4925 2
4926 0
4927 1
4928 2
4929 0
4930 1
4931 2
4932 0
4933 1
4934 2
4935 0
4936 1
4937 2
4938 0
4939 1
4940 2
4941 0
4942 1
4943 2
4944 0
4945 1
4946 2
4947 0
4948 1
4949 2
4950 0
4951 1
4952 2
4953 0
4954 1
4955 2
4956 0
4957 1
4958 2
4959 0
4960 1
4961 2
4962 0
4963 1
4964 2
4965 0
4966 1
4967 2
4968 0
4969 1
4970 2
4971 0
4972 1
4973 2
4974 0
4975 1
4976 2
4977 0
4978 1
4979 2
4980 0
4981 1
4982 2
4983 0
4984 1
4985 2
4986 0
4987 1
4988 2
4989 0
4990 1
4991 2
4992 0
4993 1
4994 2
4995 0
4996 1
4997 2
4998 0
4999 1
5000 2
5001 0
5002 1
5003 2
5004 0
5005 1
5006 2
5007 0
5008 1
5009 2
5010 0
5011 1
5012 2
5013 0
5014 1
5015 2
5016 0
5017 1
5018 2
5019 0
5020 1
5021 2
5022 0
5023 1
5024 2
5025 0
5026 1
5027 2
5028 0
5029 1
5030 2
5031 0
5032 1
5033 2
5034 0
5035 1
5036 2
5037 0
5038 1
5039 2
5040 0
5041 1
5042 2
5043 0
5044 1
5045 2
5046 0
5047 1
5048 2
5049 0
5050 1
5051 2
5052 0
5053 1
5054 2
5055 0
5056 1
5057 2
5058 0
5059 1
5060 2
5061 0
5062 1
5063 2
5064 0
5065 1
5066 2
5067 0
5068 1
5069 2
5070 0
5071 1
5072 2
5073 0
5074 1
5075 2
5076 0
5077 1
5078 2
5079 0
5080 1
5081 2
5082 0
5083 1
5084 2
5085 0
5086 1
5087 2
5088 0
5089 1
5090 2
5091 0
5092 1
5093 2
5094 0
5095 1
5096 2
5097 0
5098 1
5099 2
5100 0
5101 1
5102 2
5103 0
5104 1
5105 2
5106 0
5107 1
5108 2
5109 0
5110 1
5111 2
5112 0
5113 1
5114 2
5115 0
5116 1
5117 2
5118 0
5119 1
5120 2
5121 0
5122 1
5123 2
5124 0
5125 1
5126 2
5127 0
5128 1
5129 2
5130 0
5131 1
5132 2
5133 0
5134 1
5135 2
5136 0
5137 1
5138 2
5139 0
5140 1
5141 2
5142 0
5143 1
5144 2
5145 0
5146 1
5147 2
5148 0
5149 1
5150 2
5151 0
5152 1
5153 2
5154 0
5155 1
5156 2
5157 0
5158 1
5159 2
5160 0
5161 1
5162 2
5163 0
5164 1
5165 2
5166 0
5167 1
5168 2
5169 0
5170 1
5171 2
5172 0
5173 1
5174 2
5175 0
5176 1
5177 2
5178 0
5179 1
5180 2
5181 0
5182 1
5183 2
5184 0
5185 1
5186 2
5187 0
5188 1
5189 2
5190 0
5191 1
5192 2
5193 0
5194 1
5195 2
5196 0
5197 1
5198 2
5199 0
5200 1
5201 2
5202 0
5203 1
5204 2
5205 0
5206 1
5207 2
5208 0
5209 1
5210 2
5211 0
5212 1
5213 2
5214 0
5215 1
5216 2
5217 0
5218 1
5219 2
5220 0
5221 1
5222 2
5223 0
5224 1
5225 2
5226 0
5227 1
5228 2
5229 0
5230 1
5231 2
5232 0
5233 1
5234 2
5235 0
5236 1
5237 2
5238 0
5239 1
5240 2
5241 0
5242 1
5243 2
5244 0
5245 1
5246 2
5247 0
5248 1
5249 2
5250 0
5251 1
5252 2
5253 0
5254 1
5255 2
5256 0
5257 1
5258 2
5259 0
5260 1
5261 2
5262 0
5263 1
5264 2
5265 0
5266 1
5267 2
5268 0
5269 1
5270 2
5271 0
5272 1
5273 2
5274 0
5275 1
5276 2
5277 0
5278 1
5279 2
5280 0
5281 1
5282 2
5283 0
5284 1
5285 2
5286 0
5287 1
5288 2
5289 0
5290 1
5291 2
5292 0
5293 1
5294 2
5295 0
5296 1
5297 2
5298 0
5299 1
5300 2
5301 0
5302 1
5303 2
5304 0
5305 1
5306 2
5307 0
5308 1
5309 2
5310 0
5311 1
5312 2
5313 0
5314 1
5315 2
5316 0
5317 1
5318 2
5319 0
5320 1
5321 2
5322 0
5323 1
5324 2
5325 0
5326 1
5327 2
5328 0
5329 1
5330 2
5331 0
5332 1
5333 2
5334 0
5335 1
5336 2
5337 0
5338 1
5339 2
5340 0
5341 1
5342 2
5343 0
5344 1
5345 2
5346 0
5347 1
5348 2
5349 0
5350 1
5351 2
5352 0
5353 1
5354 2
5355 0
5356 1
5357 2
5358 0
5359 1
5360 2
5361 0
5362 1
5363 2
5364 0
5365 1
5366 2
5367 0
5368 1
5369 2
5370 0
5371 1
5372 2
5373 0
5374 1
5375 2
5376 0
5377 1
5378 2
5379 0
5380 1
5381 2
5382 0
5383 1
5384 2
5385 0
5386 1
5387 2
5388 0
5389 1
5390 2
5391 0
5392 1
5393 2
5394 0
5395 1
5396 2
5397 0
5398 1
5399 2
5400 0
5401 1
5402 2
5403 0
5404 1
5405 2
5406 0
5407 1
5408 2
5409 0
5410 1
5411 2
5412 0
5413 1
5414 2
5415 0
5416 1
5417 2
5418 0
5419 1
5420 2
5421 0
5422 1
5423 2
5424 0
5425 1
5426 2
5427 0
5428 1
5429 2
5430 0
5431 1
5432 2
5433 0
5434 1
5435 2
5436 0
5437 1
5438 2
5439 0
5440 1
5441 2
5442 0
5443 1
5444 2
5445 0
5446 1
5447 2
5448 0
5449 1
5450 2
5451 0
5452 1
5453 2
5454 0
5455 1
5456 2
5457 0
5458 1
5459 2
5460 0
5461 1
5462 2
5463 0
5464 1
5465 2
5466 0
5467 1
5468 2
5469 0
5470 1
5471 2
5472 0
5473 1
5474 2
5475 0
5476 1
5477 2
5478 0
5479 1
5480 2
5481 0
5482 1
5483 2
5484 0
5485 1
5486 2
5487 0
5488 1
5489 2
5490 0
5491 1
5492 2
5493 0
5494 1
5495 2
5496 0
5497 1
5498 2
5499 0
5500 1
5501 2
5502 0
5503 1
5504 2
5505 0
5506 1
5507 2
5508 0
5509 1
5510 2
5511 0
5512 1
5513 2
5514 0
5515 1
5516 2
5517 0
5518 1
5519 2
5520 0
5521 1
5522 2
5523 0
5524 1
5525 2
5526 0
5527 1
5528 2
5529 0
5530 1
5531 2
5532 0
5533 1
5534 2
5535 0
5536 1
5537 2
5538 0
5539 1
5540 2
5541 0
5542 1
5543 2
5544 0
5545 1
5546 2
5547 0
5548 1
5549 2
5550 0
5551 1
5552 2
5553 0
5554 1
5555 2
5556 0
5557 1
5558 2
5559 0
5560 1
5561 2
5562 0
5563 1
5564 2
5565 0
5566 1
5567 2
5568 0
5569 1
5570 2
5571 0
5572 1
5573 2
5574 0
5575 1
5576 2
5577 0
5578 1
5579 2
5580 0
5581 1
5582 2
5583 0
5584 1
5585 2
5586 0
5587 1
5588 2
5589 0
5590 1
5591 2
5592 0
5593 1
5594 2
5595 0
5596 1
5597 2
5598 0
5599 1
5600 2
5601 0
5602 1
5603 2
5604 0
5605 1
5606 2
5607 0
5608 1
5609 2
5610 0
5611 1
5612 2
5613 0
5614 1
5615 2
5616 0
5617 1
5618 2
5619 0
5620 1
5621 2
5622 0
5623 1
5624 2
5625 0
5626 1
5627 2
5628 0
5629 1
5630 2
5631 0
5632 1
5633 2
5634 0
5635 1
5636 2
5637 0
5638 1
5639 2
5640 0
5641 1
5642 2
5643 0
5644 1
5645 2
5646 0
5647 1
5648 2
5649 0
5650 1
5651 2
5652 0
5653 1
5654 2
5655 0
5656 1
5657 2
5658 0
5659 1
5660 2
5661 0
5662 1
5663 2
5664 0
5665 1
5666 2
5667 0
5668 1
5669 2
5670 0
5671 1
5672 2
5673 0
5674 1
5675 2
5676 0
5677 1
5678 2
5679 0
5680 1
5681 2
5682 0
5683 1
5684 2
5685 0
5686 1
5687 2
5688 0
5689 1
5690 2
5691 0
5692 1
5693 2
5694 0
5695 1
5696 2
5697 0
5698 1
5699 2
5700 0
5701 1
5702 2
5703 0
5704 1
5705 2
5706 0
5707 1
5708 2
5709 0
5710 1
5711 2
5712 0
5713 1
5714 2
5715 0
5716 1
5717 2
5718 0
5719 1
5720 2
5721 0
5722 1
5723 2
5724 0
5725 1
5726 2
5727 0
5728 1
5729 2
5730 0
5731 1
5732 2
5733 0
5734 1
5735 2
5736 0
5737 1
5738 2
5739 0
5740 1
5741 2
5742 0
5743 1
5744 2
5745 0
5746 1
5747 2
5748 0
5749 1
5750 2
5751 0
5752 1
5753 2
5754 0
5755 1
5756 2
5757 0
5758 1
5759 2
5760 0
5761 1
5762 2
5763 0
5764 1
5765 2
5766 0
5767 1
5768 2
5769 0
5770 1
5771 2
5772 0
5773 1
5774 2
5775 0
5776 1
5777 2
5778 0
5779 1
5780 2
5781 0
5782 1
5783 2
5784 0
5785 1
5786 2
5787 0
5788 1
5789 2
5790 0
5791 1
5792 2
5793 0
5794 1
5795 2
5796 0
5797 1
5798 2
5799 0
5800 1
5801 2
5802 0
5803 1
5804 2
5805 0
5806 1
5807 2
5808 0
5809 1
5810 2
5811 0
5812 1
5813 2
5814 0
5815 1
5816 2
5817 0
5818 1
5819 2
5820 0
5821 1
5822 2
5823 0
5824 1
5825 2
5826 0
5827 1
5828 2
5829 0
5830 1
5831 2
5832 0
5833 1
5834 2
5835 0
5836 1
5837 2
5838 0
5839 1
5840 2
5841 0
5842 1
5843 2
5844 0
5845 1
5846 2
5847 0
5848 1
5849 2
5850 0
5851 1
5852 2
5853 0
5854 1
5855 2
5856 0
5857 1
5858 2
5859 0
5860 1
5861 2
5862 0
5863 1
5864 2
5865 0
5866 1
5867 2
5868 0
5869 1
5870 2
5871 0
5872 1
5873 2
5874 0
5875 1
5876 2
5877 0
5878 1
5879 2
5880 0
5881 1
5882 2
5883 0
5884 1
5885 2
5886 0
5887 1
5888 2
5889 0
5890 1
5891 2
5892 0
5893 1
5894 2
5895 0
5896 1
5897 2
5898 0
5899 1
5900 2
5901 0
5902 1
5903 2
5904 0
5905 1
5906 2
5907 0
5908 1
5909 2
5910 0
5911 1
5912 2
5913 0
5914 1
5915 2
5916 0
5917 1
5918 2
5919 0
5920 1
5921 2
5922 0
5923 1
5924 2
5925 0
5926 1
5927 2
5928 0
5929 1
5930 2
5931 0
5932 1
5933 2
5934 0
5935 1
5936 2
5937 0
5938 1
5939 2
5940 0
5941 1
5942 2
5943 0
5944 1
5945 2
5946 0
5947 1
5948 2
5949 0
5950 1
5951 2
5952 0
5953 1
5954 2
5955 0
5956 1
5957 2
5958 0
5959 1
5960 2
5961 0
5962 1
5963 2
5964 0
5965 1
5966 2
5967 0
5968 1
5969 2
5970 0
5971 1
5972 2
5973 0
5974 1
5975 2
5976 0
5977 1
5978 2
5979 0
5980 1
5981 2
5982 0
5983 1
5984 2
5985 0
5986 1
5987 2
5988 0
5989 1
5990 2
5991 0
5992 1
5993 2
5994 0
5995 1
5996 2
5997 0
5998 1
5999 2
6000 0
6001 1
6002 2
6003 0
6004 1
6005 2
6006 0
6007 1
6008 2
6009 0
6010 1
6011 2
6012 0
6013 1
6014 2
6015 0
6016 1
6017 2
6018 0
6019 1
6020 2
6021 0
6022 1
6023 2
6024 0
6025 1
6026 2
6027 0
6028 1
6029 2
6030 0
6031 1
6032 2
6033 0
6034 1
6035 2
6036 0
6037 1
6038 2
6039 0
6040 1
6041 2
6042 0
6043 1
6044 2
6045 0
6046 1
6047 2
6048 0
6049 1
6050 2
6051 0
6052 1
6053 2
6054 0
6055 1
6056 2
6057 0
6058 1
6059 2
6060 0
6061 1
6062 2
6063 0
6064 1
6065 2
6066 0
6067 1
6068 2
6069 0
6070 1
6071 2
6072 0
6073 1
6074 2
6075 0
6076 1
6077 2
6078 0
6079 1
6080 2
6081 0
6082 1
6083 2
6084 0
6085 1
6086 2
6087 0
6088 1
6089 2
6090 0
6091 1
6092 2
6093 0
6094 1
6095 2
6096 0
6097 1
6098 2
6099 0
6100 1
6101 2
6102 0
6103 1
6104 2
6105 0
6106 1
6107 2
6108 0
6109 1
6110 2
6111 0
6112 1
6113 2
6114 0
6115 1
6116 2
6117 0
6118 1
6119 2
6120 0
6121 1
6122 2
6123 0
6124 1
6125 2
6126 0
6127 1
6128 2
6129 0
6130 1
6131 2
6132 0
6133 1
6134 2
6135 0
6136 1
6137 2
6138 0
6139 1
6140 2
6141 0
6142 1
6143 2
6144 0
6145 1
6146 2
6147 0
6148 1
6149 2
6150 0
6151 1
6152 2
6153 0
6154 1
6155 2
6156 0
6157 1
6158 2
6159 0
6160 1
6161 2
6162 0
6163 1
6164 2
6165 0
6166 1
6167 2
6168 0
6169 1
6170 2
6171 0
6172 1
6173 2
6174 0
6175 1
6176 2
6177 0
6178 1
6179 2
6180 0
6181 1
6182 2
6183 0
6184 1
6185 2
6186 0
6187 1
6188 2
6189 0
6190 1
6191 2
6192 0
6193 1
6194 2
6195 0
6196 1
6197 2
6198 0
6199 1
6200 2
6201 0
6202 1
6203 2
6204 0
6205 1
6206 2
6207 0
6208 1
6209 2
6210 0
6211 1
6212 2
6213 0
6214 1
6215 2
6216 0
6217 1
6218 2
6219 0
6220 1
6221 2
6222 0
6223 1
6224 2
6225 0
6226 1
6227 2
6228 0
6229 1
6230 2
6231 0
6232 1
6233 2
6234 0
6235 1
6236 2
6237 0
6238 1
6239 2
6240 0
6241 1
6242 2
6243 0
6244 1
6245 2
6246 0
6247 1
6248 2
6249 0
6250 1
6251 2
6252 0
6253 1
6254 2
6255 0
6256 1
6257 2
6258 0
6259 1
6260 2
6261 0
6262 1
6263 2
6264 0
6265 1
6266 2
6267 0
6268 1
6269 2
6270 0
6271 1
6272 2
6273 0
6274 1
6275 2
6276 0
6277 1
6278 2
6279 0
6280 1
6281 2
6282 0
6283 1
6284 2
6285 0
6286 1
6287 2
6288 0
6289 1
6290 2
6291 0
6292 1
6293 2
6294 0
6295 1
6296 2
6297 0
6298 1
6299 2
6300 0
6301 1
6302 2
6303 0
6304 1
6305 2
6306 0
6307 1
6308 2
6309 0
6310 1
6311 2
6312 0
6313 1
6314 2
6315 0
6316 1
6317 2
6318 0
6319 1
6320 2
6321 0
6322 1
6323 2
6324 0
6325 1
6326 2
6327 0
6328 1
6329 2
6330 0
6331 1
6332 2
6333 0
6334 1
6335 2
6336 0
6337 1
6338 2
6339 0
6340 1
6341 2
6342 0
6343 1
6344 2
6345 0
6346 1
6347 2
6348 0
6349 1
6350 2
6351 0
6352 1
6353 2
6354 0
6355 1
6356 2
6357 0
6358 1
6359 2
6360 0
6361 1
6362 2
6363 0
6364 1
6365 2
6366 0
6367 1
6368 2
6369 0
6370 1
6371 2
6372 0
6373 1
6374 2
6375 0
6376 1
6377 2
6378 0
6379 1
6380 2
6381 0
6382 1
6383 2
6384 0
6385 1
6386 2
6387 0
6388 1
6389 2
6390 0
6391 1
6392 2
6393 0
6394 1
6395 2
6396 0
6397 1
6398 2
6399 0
6400 1
6401 2
6402 0
6403 1
6404 2
6405 0
6406 1
6407 2
6408 0
6409 1
6410 2
6411 0
6412 1
6413 2
6414 0
6415 1
6416 2
6417 0
6418 1
6419 2
6420 0
6421 1
6422 2
6423 0
6424 1
6425 2
6426 0
6427 1
6428 2
6429 0
6430 1
6431 2
6432 0
6433 1
6434 2
6435 0
6436 1
6437 2
6438 0
6439 1
6440 2
6441 0
6442 1
6443 2
6444 0
6445 1
6446 2
6447 0
6448 1
6449 2
6450 0
6451 1
6452 2
6453 0
6454 1
6455 2
6456 0
6457 1
6458 2
6459 0
6460 1
6461 2
6462 0
6463 1
6464 2
6465 0
6466 1
6467 2
6468 0
6469 1
6470 2
6471 0
6472 1
6473 2
6474 0
6475 1
6476 2
6477 0
6478 1
6479 2
6480 0
6481 1
6482 2
6483 0
6484 1
6485 2
6486 0
6487 1
6488 2
6489 0
6490 1
6491 2
6492 0
6493 1
6494 2
6495 0
6496 1
6497 2
6498 0
6499 1
6500 2
6501 0
6502 1
6503 2
6504 0
6505 1
6506 2
6507 0
6508 1
6509 2
6510 0
6511 1
6512 2
6513 0
6514 1
6515 2
6516 0
6517 1
6518 2
6519 0
6520 1
6521 2
6522 0
6523 1
6524 2
6525 0
6526 1
6527 2
6528 0
6529 1
6530 2
6531 0
6532 1
6533 2
6534 0
6535 1
6536 2
6537 0
6538 1
6539 2
6540 0
6541 1
6542 2
6543 0
6544 1
6545 2
6546 0
6547 1
6548 2
6549 0
6550 1
6551 2
6552 0
6553 1
6554 2
6555 0
6556 1
6557 2
6558 0
6559 1
6560 2
6561 0
6562 1
6563 2
6564 0
6565 1
6566 2
6567 0
6568 1
6569 2
6570 0
6571 1
6572 2
6573 0
6574 1
6575 2
6576 0
6577 1
6578 2
6579 0
6580 1
6581 2
6582 0
6583 1
6584 2
6585 0
6586 1
6587 2
6588 0
6589 1
6590 2
6591 0
6592 1
6593 2
6594 0
6595 1
6596 2
6597 0
6598 1
6599 2
6600 0
6601 1
6602 2
6603 0
6604 1
6605 2
6606 0
6607 1
6608 2
6609 0
6610 1
6611 2
6612 0
6613 1
6614 2
6615 0
6616 1
6617 2
6618 0
6619 1
6620 2
6621 0
6622 1
6623 2
6624 0
6625 1
6626 2
6627 0
6628 1
6629 2
6630 0
6631 1
6632 2
6633 0
6634 1
6635 2
6636 0
6637 1
6638 2
6639 0
6640 1
6641 2
6642 0
6643 1
6644 2
6645 0
6646 1
6647 2
6648 0
6649 1
6650 2
6651 0
6652 1
6653 2
6654 0
6655 1
6656 2
6657 0
6658 1
6659 2
6660 0
6661 1
6662 2
6663 0
6664 1
6665 2
6666 0
6667 1
6668 2
6669 0
6670 1
6671 2
6672 0
6673 1
6674 2
6675 0
6676 1
6677 2
6678 0
6679 1
6680 2
6681 0
6682 1
6683 2
6684 0
6685 1
6686 2
6687 0
6688 1
6689 2
6690 0
6691 1
6692 2
6693 0
6694 1
6695 2
6696 0
6697 1
6698 2
6699 0
6700 1
6701 2
6702 0
6703 1
6704 2
6705 0
6706 1
6707 2
6708 0
6709 1
6710 2
6711 0
6712 1
6713 2
6714 0
6715 1
6716 2
6717 0
6718 1
6719 2
6720 0
6721 1
6722 2
6723 0
6724 1
6725 2
6726 0
6727 1
6728 2
6729 0
6730 1
6731 2
6732 0
6733 1
6734 2
6735 0
6736 1
6737 2
6738 0
6739 1
6740 2
6741 0
6742 1
6743 2
6744 0
6745 1
6746 2
6747 0
6748 1
6749 2
6750 0
6751 1
6752 2
6753 0
6754 1
6755 2
6756 0
6757 1
6758 2
6759 0
6760 1
6761 2
6762 0
6763 1
6764 2
6765 0
6766 1
6767 2
6768 0
6769 1
6770 2
6771 0
6772 1
6773 2
6774 0
6775 1
6776 2
6777 0
6778 1
6779 2
6780 0
6781 1
6782 2
6783 0
6784 1
6785 2
6786 0
6787 1
6788 2
6789 0
6790 1
6791 2
6792 0
6793 1
6794 2
6795 0
6796 1
6797 2
6798 0
6799 1
6800 2
6801 0
6802 1
6803 2
6804 0
6805 1
6806 2
6807 0
6808 1
6809 2
6810 0
6811 1
6812 2
6813 0
6814 1
6815 2
6816 0
6817 1
6818 2
6819 0
6820 1
6821 2
6822 0
6823 1
6824 2
6825 0
6826 1
6827 2
6828 0
6829 1
6830 2
6831 0
6832 1
6833 2
6834 0
6835 1
6836 2
6837 0
6838 1
6839 2
6840 0
6841 1
6842 2
6843 0
6844 1
6845 2
6846 0
6847 1
6848 2
6849 0
6850 1
6851 2
6852 0
6853 1
6854 2
6855 0
6856 1
6857 2
6858 0
6859 1
6860 2
6861 0
6862 1
6863 2
6864 0
6865 1
6866 2
6867 0
6868 1
6869 2
6870 0
6871 1
6872 2
6873 0
6874 1
6875 2
6876 0
6877 1
6878 2
6879 0
6880 1
6881 2
6882 0
6883 1
6884 2
6885 0
6886 1
6887 2
6888 0
6889 1
6890 2
6891 0
6892 1
6893 2
6894 0
6895 1
6896 2
6897 0
6898 1
6899 2
6900 0
6901 1
6902 2
6903 0
6904 1
6905 2
6906 0
6907 1
6908 2
6909 0
6910 1
6911 2
6912 0
6913 1
6914 2
6915 0
6916 1
6917 2
6918 0
6919 1
6920 2
6921 0
6922 1
6923 2
6924 0
6925 1
6926 2
6927 0
6928 1
6929 2
6930 0
6931 1
6932 2
6933 0
6934 1
6935 2
6936 0
6937 1
6938 2
6939 0
6940 1
6941 2
6942 0
6943 1
6944 2
6945 0
6946 1
6947 2
6948 0
6949 1
6950 2
6951 0
6952 1
6953 2
6954 0
6955 1
6956 2
6957 0
6958 1
6959 2
6960 0
6961 1
6962 2
6963 0
6964 1
6965 2
6966 0
6967 1
6968 2
6969 0
6970 1
6971 2
6972 0
6973 1
6974 2
6975 0
6976 1
6977 2
6978 0
6979 1
6980 2
6981 0
6982 1
6983 2
6984 0
6985 1
6986 2
6987 0
6988 1
6989 2
6990 0
6991 1
6992 2
6993 0
6994 1
6995 2
6996 0
6997 1
6998 2
6999 0
7000 1
7001 2
7002 0
7003 1
7004 2
7005 0
7006 1
7007 2
7008 0
7009 1
7010 2
7011 0
7012 1
7013 2
7014 0
7015 1
7016 2
7017 0
7018 1
7019 2
7020 0
7021 1
7022 2
7023 0
7024 1
7025 2
7026 0
7027 1
7028 2
7029 0
7030 1
7031 2
7032 0
7033 1
7034 2
7035 0
7036 1
7037 2
7038 0
7039 1
7040 2
7041 0
7042 1
7043 2
7044 0
7045 1
7046 2
7047 0
7048 1
7049 2
7050 0
7051 1
7052 2
7053 0
7054 1
7055 2
7056 0
7057 1
7058 2
7059 0
7060 1
7061 2
7062 0
7063 1
7064 2
7065 0
7066 1
7067 2
7068 0
7069 1
7070 2
7071 0
7072 1
7073 2
7074 0
7075 1
7076 2
7077 0
7078 1
7079 2
7080 0
7081 1
7082 2
7083 0
7084 1
7085 2
7086 0
7087 1
7088 2
7089 0
7090 1
7091 2
7092 0
7093 1
7094 2
7095 0
7096 1
7097 2
7098 0
7099 1
7100 2
7101 0
7102 1
7103 2
7104 0
7105 1
7106 2
7107 0
7108 1
7109 2
7110 0
7111 1
7112 2
7113 0
7114 1
7115 2
7116 0
7117 1
7118 2
7119 0
7120 1
7121 2
7122 0
7123 1
7124 2
7125 0
7126 1
7127 2
7128 0
7129 1
7130 2
7131 0
7132 1
7133 2
7134 0
7135 1
7136 2
7137 0
7138 1
7139 2
7140 0
7141 1
7142 2
7143 0
7144 1
7145 2
7146 0
7147 1
7148 2
7149 0
7150 1
7151 2
7152 0
7153 1
7154 2
7155 0
7156 1
7157 2
7158 0
7159 1
7160 2
7161 0
7162 1
7163 2
7164 0
7165 1
7166 2
7167 0
7168 1
7169 2
7170 0
7171 1
7172 2
7173 0
7174 1
7175 2
7176 0
7177 1
7178 2
7179 0
7180 1
7181 2
7182 0
7183 1
7184 2
7185 0
7186 1
7187 2
7188 0
7189 1
7190 2
7191 0
7192 1
7193 2
7194 0
7195 1
7196 2
7197 0
7198 1
7199 2
7200 0
7201 1
7202 2
7203 0
7204 1
7205 2
7206 0
7207 1
7208 2
7209 0
7210 1
7211 2
7212 0
7213 1
7214 2
7215 0
7216 1
7217 2
7218 0
7219 1
7220 2
7221 0
7222 1
7223 2
7224 0
7225 1
7226 2
7227 0
7228 1
7229 2
7230 0
7231 1
7232 2
7233 0
7234 1
7235 2
7236 0
7237 1
7238 2
7239 0
7240 1
7241 2
7242 0
7243 1
7244 2
7245 0
7246 1
7247 2
7248 0
7249 1
7250 2
7251 0
7252 1
7253 2
7254 0
7255 1
7256 2
7257 0
7258 1
7259 2
7260 0
7261 1
7262 2
7263 0
7264 1
7265 2
7266 0
7267 1
7268 2
7269 0
7270 1
7271 2
7272 0
7273 1
7274 2
7275 0
7276 1
7277 2
7278 0
7279 1
7280 2
7281 0
7282 1
7283 2
7284 0
7285 1
7286 2
7287 0
7288 1
7289 2
7290 0
7291 1
7292 2
7293 0
7294 1
7295 2
7296 0
7297 1
7298 2
7299 0
7300 1
7301 2
7302 0
7303 1
7304 2
7305 0
7306 1
7307 2
7308 0
7309 1
7310 2
7311 0
7312 1
7313 2
7314 0
7315 1
7316 2
7317 0
7318 1
7319 2
7320 0
7321 1
7322 2
7323 0
7324 1
7325 2
7326 0
7327 1
7328 2
7329 0
7330 1
7331 2
7332 0
7333 1
7334 2
7335 0
7336 1
7337 2
7338 0
7339 1
7340 2
7341 0
7342 1
7343 2
7344 0
7345 1
7346 2
7347 0
7348 1
7349 2
7350 0
7351 1
7352 2
7353 0
7354 1
7355 2
7356 0
7357 1
7358 2
7359 0
7360 1
7361 2
7362 0
7363 1
7364 2
7365 0
7366 1
7367 2
7368 0
7369 1
7370 2
7371 0
7372 1
7373 2
7374 0
7375 1
7376 2
7377 0
7378 1
7379 2
7380 0
7381 1
7382 2
7383 0
7384 1
7385 2
7386 0
7387 1
7388 2
7389 0
7390 1
7391 2
7392 0
7393 1
7394 2
7395 0
7396 1
7397 2
7398 0
7399 1
7400 2
7401 0
7402 1
7403 2
7404 0
7405 1
7406 2
7407 0
7408 1
7409 2
7410 0
7411 1
7412 2
7413 0
7414 1
7415 2
7416 0
7417 1
7418 2
7419 0
7420 1
7421 2
7422 0
7423 1
7424 2
7425 0
7426 1
7427 2
7428 0
7429 1
7430 2
7431 0
7432 1
7433 2
7434 0
7435 1
7436 2
7437 0
7438 1
7439 2
7440 0
7441 1
7442 2
7443 0
7444 1
7445 2
7446 0
7447 1
7448 2
7449 0
7450 1
7451 2
7452 0
7453 1
7454 2
7455 0
7456 1
7457 2
7458 0
7459 1
7460 2
7461 0
7462 1
7463 2
7464 0
7465 1
7466 2
7467 0
7468 1
7469 2
7470 0
7471 1
7472 2
7473 0
7474 1
7475 2
7476 0
7477 1
7478 2
7479 0
7480 1
7481 2
7482 0
7483 1
7484 2
7485 0
7486 1
7487 2
7488 0
7489 1
7490 2
7491 0
7492 1
7493 2
7494 0
7495 1
7496 2
7497 0
7498 1
7499 2
7500 0
7501 1
7502 2
7503 0
7504 1
7505 2
7506 0
7507 1
7508 2
7509 0
7510 1
7511 2
7512 0
7513 1
7514 2
7515 0
7516 1
7517 2
7518 0
7519 1
7520 2
7521 0
7522 1
7523 2
7524 0
7525 1
7526 2
7527 0
7528 1
7529 2
7530 0
7531 1
7532 2
7533 0
7534 1
7535 2
7536 0
7537 1
7538 2
7539 0
7540 1
7541 2
7542 0
7543 1
7544 2
7545 0
7546 1
7547 2
7548 0
7549 1
7550 2
7551 0
7552 1
7553 2
7554 0
7555 1
7556 2
7557 0
7558 1
7559 2
7560 0
7561 1
7562 2
7563 0
7564 1
7565 2
7566 0
7567 1
7568 2
7569 0
7570 1
7571 2
7572 0
7573 1
7574 2
7575 0
7576 1
7577 2
7578 0
7579 1
7580 2
7581 0
7582 1
7583 2
7584 0
7585 1
7586 2
7587 0
7588 1
7589 2
7590 0
7591 1
7592 2
7593 0
7594 1
7595 2
7596 0
7597 1
7598 2
7599 0
7600 1
7601 2
7602 0
7603 1
7604 2
7605 0
7606 1
7607 2
7608 0
7609 1
7610 2
7611 0
7612 1
7613 2
7614 0
7615 1
7616 2
7617 0
7618 1
7619 2
7620 0
7621 1
7622 2
7623 0
7624 1
7625 2
7626 0
7627 1
7628 2
7629 0
7630 1
7631 2
7632 0
7633 1
7634 2
7635 0
7636 1
7637 2
7638 0
7639 1
7640 2
7641 0
7642 1
7643 2
7644 0
7645 1
7646 2
7647 0
7648 1
7649 2
7650 0
7651 1
7652 2
7653 0
7654 1
7655 2
7656 0
7657 1
7658 2
7659 0
7660 1
7661 2
7662 0
7663 1
7664 2
7665 0
7666 1
7667 2
7668 0
7669 1
7670 2
7671 0
7672 1
7673 2
7674 0
7675 1
7676 2
7677 0
7678 1
7679 2
7680 0
7681 1
7682 2
7683 0
7684 1
7685 2
7686 0
7687 1
7688 2
7689 0
7690 1
7691 2
7692 0
7693 1
7694 2
7695 0
7696 1
7697 2
7698 0
7699 1
7700 2
7701 0
7702 1
7703 2
7704 0
7705 1
7706 2
7707 0
7708 1
7709 2
7710 0
7711 1
7712 2
7713 0
7714 1
7715 2
7716 0
7717 1
7718 2
7719 0
7720 1
7721 2
7722 0
7723 1
7724 2
7725 0
7726 1
7727 2
7728 0
7729 1
7730 2
7731 0
7732 1
7733 2
7734 0
7735 1
7736 2
7737 0
7738 1
7739 2
7740 0
7741 1
7742 2
7743 0
7744 1
7745 2
7746 0
7747 1
7748 2
7749 0
7750 1
7751 2
7752 0
7753 1
7754 2
7755 0
7756 1
7757 2
7758 0
7759 1
7760 2
7761 0
7762 1
7763 2
7764 0
7765 1
7766 2
7767 0
7768 1
7769 2
7770 0
7771 1
7772 2
7773 0
7774 1
7775 2
7776 0
7777 1
7778 2
7779 0
7780 1
7781 2
7782 0
7783 1
7784 2
7785 0
7786 1
7787 2
7788 0
7789 1
7790 2
7791 0
7792 1
7793 2
7794 0
7795 1
7796 2
7797 0
7798 1
7799 2
7800 0
7801 1
7802 2
7803 0
7804 1
7805 2
7806 0
7807 1
7808 2
7809 0
7810 1
7811 2
7812 0
7813 1
7814 2
7815 0
7816 1
7817 2
7818 0
7819 1
7820 2
7821 0
7822 1
7823 2
7824 0
7825 1
7826 2
7827 0
7828 1
7829 2
7830 0
7831 1
7832 2
7833 0
7834 1
7835 2
7836 0
7837 1
7838 2
7839 0
7840 1
7841 2
7842 0
7843 1
7844 2
7845 0
7846 1
7847 2
7848 0
7849 1
7850 2
7851 0
7852 1
7853 2
7854 0
7855 1
7856 2
7857 0
7858 1
7859 2
7860 0
7861 1
7862 2
7863 0
7864 1
7865 2
7866 0
7867 1
7868 2
7869 0
7870 1
7871 2
7872 0
7873 1
7874 2
7875 0
7876 1
7877 2
7878 0
7879 1
7880 2
7881 0
7882 1
7883 2
7884 0
7885 1
7886 2
7887 0
7888 1
7889 2
7890 0
7891 1
7892 2
7893 0
7894 1
7895 2
7896 0
7897 1
7898 2
7899 0
7900 1
7901 2
7902 0
7903 1
7904 2
7905 0
7906 1
7907 2
7908 0
7909 1
7910 2
7911 0
7912 1
7913 2
7914 0
7915 1
7916 2
7917 0
7918 1
7919 2
7920 0
7921 1
7922 2
7923 0
7924 1
7925 2
7926 0
7927 1
7928 2
7929 0
7930 1
7931 2
7932 0
7933 1
7934 2
7935 0
7936 1
7937 2
7938 0
7939 1
7940 2
7941 0
7942 1
7943 2
7944 0
7945 1
7946 2
7947 0
7948 1
7949 2
7950 0
7951 1
7952 2
7953 0
7954 1
7955 2
7956 0
7957 1
7958 2
7959 0
7960 1
7961 2
7962 0
7963 1
7964 2
7965 0
7966 1
7967 2
7968 0
7969 1
7970 2
7971 0
7972 1
7973 2
7974 0
7975 1
7976 2
7977 0
7978 1
7979 2
7980 0
7981 1
7982 2
7983 0
7984 1
7985 2
7986 0
7987 1
7988 2
7989 0
7990 1
7991 2
7992 0
7993 1
7994 2
7995 0
7996 1
7997 2
7998 0
7999 1
8000 2
8001 0
8002 1
8003 2
8004 0
8005 1
8006 2
8007 0
8008 1
8009 2
8010 0
8011 1
8012 2
8013 0
8014 1
8015 2
8016 0
8017 1
8018 2
8019 0
8020 1
8021 2
8022 0
8023 1
8024 2
8025 0
8026 1
8027 2
8028 0
8029 1
8030 2
8031 0
8032 1
8033 2
8034 0
8035 1
8036 2
8037 0
8038 1
8039 2
8040 0
8041 1
8042 2
8043 0
8044 1
8045 2
8046 0
8047 1
8048 2
8049 0
8050 1
8051 2
8052 0
8053 1
8054 2
8055 0
8056 1
8057 2
8058 0
8059 1
8060 2
8061 0
8062 1
8063 2
8064 0
8065 1
8066 2
8067 0
8068 1
8069 2
8070 0
8071 1
8072 2
8073 0
8074 1
8075 2
8076 0
8077 1
8078 2
8079 0
8080 1
8081 2
8082 0
8083 1
8084 2
8085 0
8086 1
8087 2
8088 0
8089 1
8090 2
8091 0
8092 1
8093 2
8094 0
8095 1
8096 2
8097 0
8098 1
8099 2
8100 0
8101 1
8102 2
8103 0
8104 1
8105 2
8106 0
8107 1
8108 2
8109 0
8110 1
8111 2
8112 0
8113 1
8114 2
8115 0
8116 1
8117 2
8118 0
8119 1
8120 2
8121 0
8122 1
8123 2
8124 0
8125 1
8126 2
8127 0
8128 1
8129 2
8130 0
8131 1
8132 2
8133 0
8134 1
8135 2
8136 0
8137 1
8138 2
8139 0
8140 1
8141 2
8142 0
8143 1
8144 2
8145 0
8146 1
8147 2
8148 0
8149 1
8150 2
8151 0
8152 1
8153 2
8154 0
8155 1
8156 2
8157 0
8158 1
8159 2
8160 0
8161 1
8162 2
8163 0
8164 1
8165 2
8166 0
8167 1
8168 2
8169 0
8170 1
8171 2
8172 0
8173 1
8174 2
8175 0
8176 1
8177 2
8178 0
8179 1
8180 2
8181 0
8182 1
8183 2
8184 0
8185 1
8186 2
8187 0
8188 1
8189 2
8190 0
8191 1
8192 2
8193 0
8194 1
8195 2
8196 0
8197 1
8198 2
