0 0
1 1
2 2
3 0
4 1
5 2
6 0
7 1
8 2
9 0
10 1
11 2
12 0
13 1
14 2
15 0
16 1
17 2
18 0
19 1
20 2
21 0
22 1
23 2
24 0
25 1
26 2
27 0
28 1
29 2
30 0
31 1
32 2
33 0
34 1
35 2
36 0
37 1
38 2
39 0
40 1
41 2
42 0
43 1
44 2
45 0
46 1
47 2
48 0
49 1
50 2
51 0
52 1
53 2
54 0
55 1
56 2
57 0
58 1
59 2
60 0
61 1
62 2
63 0
64 1
65 2
66 0
67 1
68 2
69 0
70 1
71 2
72 0
73 1
74 2
75 0
76 1
77 2
78 0
79 1
80 2
81 0
82 1
83 2
84 0
85 1
86 2
87 0
88 1
89 2
90 0
91 1
92 2
93 0
94 1
95 2
96 0
97 1
98 2
99 0
100 1
101 2
102 0
103 1
104 2
105 0
106 1
107 2
108 0
109 1
110 2
111 0
112 1
113 2
114 0
115 1
116 2
117 0
118 1
119 2
120 0
121 1
122 2
123 0
124 1
125 2
126 0
127 1
128 2
129 0
130 1
131 2
132 0
133 1
134 2
135 0
136 1
137 2
138 0
139 1
140 2
141 0
142 1
143 2
144 0
145 1
146 2
147 0
148 1
149 2
150 0
151 1
152 2
153 0
154 1
155 2
156 0
157 1
158 2
159 0
160 1
161 2
162 0
163 1
164 2
165 0
166 1
167 2
168 0
169 1
170 2
171 0
172 1
173 2
174 0
175 1
176 2
177 0
178 1
179 2
180 0
181 1
182 2
183 0
184 1
185 2
186 0
187 1
188 2
189 0
190 1
191 2
192 0
193 1
194 2
195 0
196 1
197 2
198 0
199 1
200 2
201 0
202 1
203 2
204 0
205 1
206 2
207 0
208 1
209 2
210 0
211 1
212 2
213 0
214 1
215 2
216 0
217 1
218 2
219 0
220 1
221 2
222 0
223 1
224 2
225 0
226 1
227 2
228 0
229 1
230 2
231 0
232 1
233 2
234 0
235 1
236 2
237 0
238 1
239 2
240 0
241 1
242 2
243 0
244 1
245 2
246 0
247 1
248 2
249 0
250 1
251 2
252 0
253 1
254 2
255 0
256 1
