0 0
1 1
2 2
3 0
4 1
5 2
6 0
7 1
8 2
9 0
10 1
11 2
12 0
13 1
14 2
15 0
16 1
17 2
18 0
19 1
20 2
21 0
22 1
23 2
24 0
25 1
26 2
27 0
28 1
29 2
30 0
31 1
32 2
33 0
34 1
35 2
36 0
37 1
38 2
39 0
40 1
41 2
42 0
43 1
44 2
45 0
46 1
47 2
48 0
49 1
50 2
51 0
52 1
53 2
54 0
55 1
56 2
57 0
58 1
59 2
60 0
61 1
62 2
63 0
64 1
65 2
66 0
67 1
68 2
69 0
70 1
71 2
72 0
73 1
74 2
75 0
76 1
77 2
78 0
79 1
80 2
81 0
82 1
83 2
84 0
85 1
86 2
87 0
88 1
89 2
90 0
91 1
92 2
93 0
94 1
95 2
96 0
97 1
98 2
99 0
100 1
101 2
102 0
103 1
104 2
105 0
106 1
107 2
108 0
109 1
110 2
111 0
112 1
113 2
114 0
115 1
116 2
117 0
118 1
119 2
120 0
121 1
122 2
123 0
124 1
125 2
126 0
127 1
128 2
129 0
130 1
131 2
132 0
133 1
134 2
135 0
136 1
137 2
138 0
139 1
140 2
141 0
142 1
143 2
144 0
145 1
146 2
147 0
148 1
149 2
150 0
151 1
152 2
153 0
154 1
155 2
156 0
157 1
158 2
159 0
160 1
161 2
162 0
163 1
164 2
165 0
166 1
167 2
168 0
169 1
170 2
171 0
172 1
173 2
174 0
175 1
176 2
177 0
178 1
179 2
180 0
181 1
182 2
183 0
184 1
185 2
186 0
187 1
188 2
189 0
190 1
191 2
192 0
193 1
194 2
195 0
196 1
197 2
198 0
199 1
200 2
201 0
202 1
203 2
204 0
205 1
206 2
207 0
208 1
209 2
210 0
211 1
212 2
213 0
214 1
215 2
216 0
217 1
218 2
219 0
220 1
221 2
222 0
223 1
224 2
225 0
226 1
227 2
228 0
229 1
230 2
231 0
232 1
233 2
234 0
235 1
236 2
237 0
238 1
239 2
240 0
241 1
242 2
243 0
244 1
245 2
246 0
247 1
248 2
249 0
250 1
251 2
252 0
253 1
254 2
255 0
256 1
257 2
258 0
259 1
260 2
261 0
262 1
263 2
264 0
265 1
266 2
267 0
268 1
269 2
270 0
271 1
272 2
273 0
274 1
275 2
276 0
277 1
278 2
279 0
280 1
281 2
282 0
283 1
284 2
285 0
286 1
287 2
288 0
289 1
290 2
291 0
292 1
293 2
294 0
295 1
296 2
297 0
298 1
299 2
300 0
301 1
302 2
303 0
304 1
305 2
306 0
307 1
308 2
309 0
310 1
311 2
312 0
313 1
314 2
315 0
316 1
317 2
318 0
319 1
320 2
321 0
322 1
323 2
324 0
325 1
326 2
327 0
328 1
329 2
330 0
331 1
332 2
333 0
334 1
335 2
336 0
337 1
338 2
339 0
340 1
341 2
342 0
343 1
344 2
345 0
346 1
347 2
348 0
349 1
350 2
351 0
352 1
353 2
354 0
355 1
356 2
357 0
358 1
359 2
360 0
361 1
362 2
363 0
364 1
365 2
366 0
367 1
368 2
369 0
370 1
371 2
372 0
373 1
374 2
375 0
376 1
377 2
378 0
379 1
380 2
381 0
382 1
383 2
384 0
385 1
386 2
387 0
388 1
389 2
390 0
391 1
392 2
393 0
394 1
395 2
396 0
397 1
398 2
399 0
400 1
401 2
402 0
403 1
404 2
405 0
406 1
407 2
408 0
409 1
410 2
411 0
412 1
413 2
414 0
415 1
416 2
417 0
418 1
419 2
420 0
421 1
422 2
423 0
424 1
425 2
426 0
427 1
428 2
429 0
430 1
431 2
432 0
433 1
434 2
435 0
436 1
437 2
438 0
439 1
440 2
441 0
442 1
443 2
444 0
445 1
446 2
447 0
448 1
449 2
450 0
451 1
452 2
453 0
454 1
455 2
456 0
457 1
458 2
459 0
460 1
461 2
462 0
463 1
464 2
465 0
466 1
467 2
468 0
469 1
470 2
471 0
472 1
473 2
474 0
475 1
476 2
477 0
478 1
479 2
480 0
481 1
482 2
483 0
484 1
485 2
486 0
487 1
488 2
489 0
490 1
491 2
492 0
493 1
494 2
495 0
496 1
497 2
498 0
499 1
500 2
501 0
502 1
503 2
504 0
505 1
506 2
507 0
508 1
509 2
510 0
511 1
512 2
513 0
514 1
515 2
516 0
517 1
518 2
519 0
520 1
521 2
522 0
523 1
524 2
525 0
526 1
527 2
528 0
529 1
530 2
531 0
532 1
533 2
534 0
535 1
536 2
537 0
538 1
539 2
540 0
541 1
542 2
543 0
544 1
545 2
546 0
547 1
548 2
549 0
550 1
551 2
552 0
553 1
554 2
555 0
556 1
557 2
558 0
559 1
560 2
561 0
562 1
563 2
564 0
565 1
566 2
567 0
568 1
569 2
570 0
571 1
572 2
573 0
574 1
575 2
576 0
577 1
578 2
579 0
580 1
581 2
582 0
583 1
584 2
585 0
586 1
587 2
588 0
589 1
590 2
591 0
592 1
593 2
594 0
595 1
596 2
597 0
598 1
599 2
600 0
601 1
602 2
603 0
604 1
605 2
606 0
607 1
608 2
609 0
610 1
611 2
612 0
613 1
614 2
615 0
616 1
617 2
618 0
619 1
620 2
621 0
622 1
623 2
624 0
625 1
626 2
627 0
628 1
629 2
630 0
631 1
632 2
633 0
634 1
635 2
636 0
637 1
638 2
639 0
640 1
641 2
642 0
643 1
644 2
645 0
646 1
647 2
648 0
649 1
650 2
651 0
652 1
653 2
654 0
655 1
656 2
657 0
658 1
659 2
660 0
661 1
662 2
663 0
664 1
665 2
666 0
667 1
668 2
669 0
670 1
671 2
672 0
673 1
674 2
675 0
676 1
677 2
678 0
679 1
680 2
681 0
682 1
683 2
684 0
685 1
686 2
687 0
688 1
689 2
690 0
691 1
692 2
693 0
694 1
695 2
696 0
697 1
698 2
699 0
700 1
701 2
702 0
703 1
704 2
705 0
706 1
707 2
708 0
709 1
710 2
711 0
712 1
713 2
714 0
715 1
716 2
717 0
718 1
719 2
720 0
721 1
722 2
723 0
724 1
725 2
726 0
727 1
728 2
729 0
730 1
731 2
732 0
733 1
734 2
735 0
736 1
737 2
738 0
739 1
740 2
741 0
742 1
743 2
744 0
745 1
746 2
747 0
748 1
749 2
750 0
751 1
752 2
753 0
754 1
755 2
756 0
757 1
758 2
759 0
760 1
761 2
762 0
763 1
764 2
765 0
766 1
767 2
768 0
769 1
770 2
771 0
772 1
773 2
774 0
775 1
776 2
777 0
778 1
779 2
780 0
781 1
782 2
783 0
784 1
785 2
786 0
787 1
788 2
789 0
790 1
791 2
792 0
793 1
794 2
795 0
796 1
797 2
798 0
799 1
800 2
801 0
802 1
803 2
804 0
805 1
806 2
807 0
808 1
809 2
810 0
811 1
812 2
813 0
814 1
815 2
816 0
817 1
818 2
819 0
820 1
821 2
822 0
823 1
824 2
825 0
826 1
827 2
828 0
829 1
830 2
831 0
832 1
833 2
834 0
835 1
836 2
837 0
838 1
839 2
840 0
841 1
842 2
843 0
844 1
845 2
846 0
847 1
848 2
849 0
850 1
851 2
852 0
853 1
854 2
855 0
856 1
857 2
858 0
859 1
860 2
861 0
862 1
863 2
864 0
865 1
866 2
867 0
868 1
869 2
870 0
871 1
872 2
873 0
874 1
875 2
876 0
877 1
878 2
879 0
880 1
881 2
882 0
883 1
884 2
885 0
886 1
887 2
888 0
889 1
890 2
891 0
892 1
893 2
894 0
895 1
896 2
897 0
898 1
899 2
900 0
901 1
902 2
903 0
904 1
905 2
906 0
907 1
908 2
909 0
910 1
911 2
912 0
913 1
914 2
915 0
916 1
917 2
918 0
919 1
920 2
921 0
922 1
923 2
924 0
925 1
926 2
927 0
928 1
929 2
930 0
931 1
932 2
933 0
934 1
935 2
936 0
937 1
938 2
939 0
940 1
941 2
942 0
943 1
944 2
945 0
946 1
947 2
948 0
949 1
950 2
951 0
952 1
953 2
954 0
955 1
956 2
957 0
958 1
959 2
960 0
961 1
962 2
963 0
964 1
965 2
966 0
967 1
968 2
969 0
970 1
971 2
972 0
973 1
974 2
975 0
976 1
977 2
978 0
979 1
980 2
981 0
982 1
983 2
984 0
985 1
986 2
987 0
988 1
989 2
990 0
991 1
992 2
993 0
994 1
995 2
996 0
997 1
998 2
999 0
1000 1
1001 2
1002 0
1003 1
1004 2
1005 0
1006 1
1007 2
1008 0
1009 1
1010 2
1011 0
1012 1
1013 2
1014 0
1015 1
1016 2
1017 0
1018 1
1019 2
1020 0
1021 1
1022 2
1023 0
1024 1
1025 2
1026 0
1027 1
1028 2
1029 0
1030 1
1031 2
1032 0
1033 1
1034 2
1035 0
1036 1
1037 2
1038 0
1039 1
1040 2
1041 0
1042 1
1043 2
1044 0
1045 1
1046 2
1047 0
1048 1
1049 2
1050 0
1051 1
1052 2
1053 0
1054 1
1055 2
1056 0
1057 1
1058 2
1059 0
1060 1
1061 2
1062 0
1063 1
1064 2
1065 0
1066 1
1067 2
1068 0
1069 1
1070 2
1071 0
1072 1
1073 2
1074 0
1075 1
1076 2
1077 0
1078 1
1079 2
1080 0
1081 1
1082 2
1083 0
1084 1
1085 2
1086 0
1087 1
1088 2
1089 0
1090 1
1091 2
1092 0
1093 1
1094 2
1095 0
1096 1
1097 2
1098 0
1099 1
1100 2
1101 0
1102 1
1103 2
1104 0
1105 1
1106 2
1107 0
1108 1
1109 2
1110 0
1111 1
1112 2
1113 0
1114 1
1115 2
1116 0
1117 1
1118 2
1119 0
1120 1
1121 2
1122 0
1123 1
1124 2
1125 0
1126 1
1127 2
1128 0
1129 1
1130 2
1131 0
1132 1
1133 2
1134 0
1135 1
1136 2
1137 0
1138 1
1139 2
1140 0
1141 1
1142 2
1143 0
1144 1
1145 2
1146 0
1147 1
1148 2
1149 0
1150 1
1151 2
1152 0
1153 1
1154 2
1155 0
1156 1
1157 2
1158 0
1159 1
1160 2
1161 0
1162 1
1163 2
1164 0
1165 1
1166 2
1167 0
1168 1
1169 2
1170 0
1171 1
1172 2
1173 0
1174 1
1175 2
1176 0
1177 1
1178 2
1179 0
1180 1
1181 2
1182 0
1183 1
1184 2
1185 0
1186 1
1187 2
1188 0
1189 1
1190 2
1191 0
1192 1
1193 2
1194 0
1195 1
1196 2
1197 0
1198 1
1199 2
1200 0
1201 1
1202 2
1203 0
1204 1
1205 2
1206 0
1207 1
1208 2
1209 0
1210 1
1211 2
1212 0
1213 1
1214 2
1215 0
1216 1
1217 2
1218 0
1219 1
1220 2
1221 0
1222 1
1223 2
1224 0
1225 1
1226 2
1227 0
1228 1
1229 2
1230 0
1231 1
1232 2
1233 0
1234 1
1235 2
1236 0
1237 1
1238 2
1239 0
1240 1
1241 2
1242 0
1243 1
1244 2
1245 0
1246 1
1247 2
1248 0
1249 1
1250 2
1251 0
1252 1
1253 2
1254 0
1255 1
1256 2
1257 0
1258 1
1259 2
1260 0
1261 1
1262 2
1263 0
1264 1
1265 2
1266 0
1267 1
1268 2
1269 0
1270 1
1271 2
1272 0
1273 1
1274 2
1275 0
1276 1
1277 2
1278 0
1279 1
1280 2
1281 0
1282 1
1283 2
1284 0
1285 1
1286 2
1287 0
1288 1
1289 2
1290 0
1291 1
1292 2
1293 0
1294 1
1295 2
1296 0
1297 1
1298 2
1299 0
1300 1
1301 2
1302 0
1303 1
1304 2
1305 0
1306 1
1307 2
1308 0
1309 1
1310 2
1311 0
1312 1
1313 2
1314 0
1315 1
1316 2
1317 0
1318 1
1319 2
1320 0
1321 1
1322 2
1323 0
1324 1
1325 2
1326 0
1327 1
1328 2
1329 0
1330 1
1331 2
1332 0
1333 1
1334 2
1335 0
1336 1
1337 2
1338 0
1339 1
1340 2
1341 0
1342 1
1343 2
1344 0
1345 1
1346 2
1347 0
1348 1
1349 2
1350 0
1351 1
1352 2
1353 0
1354 1
1355 2
1356 0
1357 1
1358 2
1359 0
1360 1
1361 2
1362 0
1363 1
1364 2
1365 0
1366 1
1367 2
1368 0
1369 1
1370 2
1371 0
1372 1
1373 2
1374 0
1375 1
1376 2
1377 0
1378 1
1379 2
1380 0
1381 1
1382 2
1383 0
1384 1
1385 2
1386 0
1387 1
1388 2
1389 0
1390 1
1391 2
1392 0
1393 1
1394 2
1395 0
1396 1
1397 2
1398 0
1399 1
1400 2
1401 0
1402 1
1403 2
1404 0
1405 1
1406 2
1407 0
1408 1
1409 2
1410 0
1411 1
1412 2
1413 0
1414 1
1415 2
1416 0
1417 1
1418 2
1419 0
1420 1
1421 2
1422 0
1423 1
1424 2
1425 0
1426 1
1427 2
1428 0
1429 1
1430 2
1431 0
1432 1
1433 2
1434 0
1435 1
1436 2
1437 0
1438 1
1439 2
1440 0
1441 1
1442 2
1443 0
1444 1
1445 2
1446 0
1447 1
1448 2
1449 0
1450 1
1451 2
1452 0
1453 1
1454 2
1455 0
1456 1
1457 2
1458 0
1459 1
1460 2
1461 0
1462 1
1463 2
1464 0
1465 1
1466 2
1467 0
1468 1
1469 2
1470 0
1471 1
1472 2
1473 0
1474 1
1475 2
1476 0
1477 1
1478 2
1479 0
1480 1
1481 2
1482 0
1483 1
1484 2
1485 0
1486 1
1487 2
1488 0
1489 1
1490 2
1491 0
1492 1
1493 2
1494 0
1495 1
1496 2
1497 0
1498 1
1499 2
1500 0
1501 1
1502 2
1503 0
1504 1
1505 2
1506 0
1507 1
1508 2
1509 0
1510 1
1511 2
1512 0
1513 1
1514 2
1515 0
1516 1
1517 2
1518 0
1519 1
1520 2
1521 0
1522 1
1523 2
1524 0
1525 1
1526 2
1527 0
1528 1
1529 2
1530 0
1531 1
1532 2
1533 0
1534 1
1535 2
1536 0
1537 1
1538 2
1539 0
1540 1
1541 2
1542 0
1543 1
1544 2
1545 0
1546 1
1547 2
1548 0
1549 1
1550 2
1551 0
1552 1
1553 2
1554 0
1555 1
1556 2
1557 0
1558 1
1559 2
1560 0
1561 1
1562 2
1563 0
1564 1
1565 2
1566 0
1567 1
1568 2
1569 0
1570 1
1571 2
1572 0
1573 1
1574 2
1575 0
1576 1
1577 2
1578 0
1579 1
1580 2
1581 0
1582 1
1583 2
1584 0
1585 1
1586 2
1587 0
1588 1
1589 2
1590 0
1591 1
1592 2
1593 0
1594 1
1595 2
1596 0
1597 1
1598 2
1599 0
1600 1
1601 2
1602 0
1603 1
1604 2
1605 0
1606 1
1607 2
1608 0
1609 1
1610 2
1611 0
1612 1
1613 2
1614 0
1615 1
1616 2
1617 0
1618 1
1619 2
1620 0
1621 1
1622 2
1623 0
1624 1
1625 2
1626 0
1627 1
1628 2
1629 0
1630 1
1631 2
1632 0
1633 1
1634 2
1635 0
1636 1
1637 2
1638 0
1639 1
1640 2
1641 0
1642 1
1643 2
1644 0
1645 1
1646 2
1647 0
1648 1
1649 2
1650 0
1651 1
1652 2
1653 0
1654 1
1655 2
1656 0
1657 1
1658 2
1659 0
1660 1
1661 2
1662 0
1663 1
1664 2
1665 0
1666 1
1667 2
1668 0
1669 1
1670 2
1671 0
1672 1
1673 2
1674 0
1675 1
1676 2
1677 0
1678 1
1679 2
1680 0
1681 1
1682 2
1683 0
1684 1
1685 2
1686 0
1687 1
1688 2
1689 0
1690 1
1691 2
1692 0
1693 1
1694 2
1695 0
1696 1
1697 2
1698 0
1699 1
1700 2
1701 0
1702 1
1703 2
1704 0
1705 1
1706 2
1707 0
1708 1
1709 2
1710 0
1711 1
1712 2
1713 0
1714 1
1715 2
1716 0
1717 1
1718 2
1719 0
1720 1
1721 2
1722 0
1723 1
1724 2
1725 0
1726 1
1727 2
1728 0
1729 1
1730 2
1731 0
1732 1
1733 2
1734 0
1735 1
1736 2
1737 0
1738 1
1739 2
1740 0
1741 1
1742 2
1743 0
1744 1
1745 2
1746 0
1747 1
1748 2
1749 0
1750 1
1751 2
1752 0
1753 1
1754 2
1755 0
1756 1
1757 2
1758 0
1759 1
1760 2
1761 0
1762 1
1763 2
1764 0
1765 1
1766 2
1767 0
1768 1
1769 2
1770 0
1771 1
1772 2
1773 0
1774 1
1775 2
1776 0
1777 1
1778 2
1779 0
1780 1
1781 2
1782 0
1783 1
1784 2
1785 0
1786 1
1787 2
1788 0
1789 1
1790 2
1791 0
1792 1
1793 2
1794 0
1795 1
1796 2
1797 0
1798 1
1799 2
1800 0
1801 1
1802 2
1803 0
1804 1
1805 2
1806 0
1807 1
1808 2
1809 0
1810 1
1811 2
1812 0
1813 1
1814 2
1815 0
1816 1
1817 2
1818 0
1819 1
1820 2
1821 0
1822 1
1823 2
1824 0
1825 1
1826 2
1827 0
1828 1
1829 2
1830 0
1831 1
1832 2
1833 0
1834 1
1835 2
1836 0
1837 1
1838 2
1839 0
1840 1
1841 2
1842 0
1843 1
1844 2
1845 0
1846 1
1847 2
1848 0
1849 1
1850 2
1851 0
1852 1
1853 2
1854 0
1855 1
1856 2
1857 0
1858 1
1859 2
1860 0
1861 1
1862 2
1863 0
1864 1
1865 2
1866 0
1867 1
1868 2
1869 0
1870 1
1871 2
1872 0
1873 1
1874 2
1875 0
1876 1
1877 2
1878 0
1879 1
1880 2
1881 0
1882 1
1883 2
1884 0
1885 1
1886 2
1887 0
1888 1
1889 2
1890 0
1891 1
1892 2
1893 0
1894 1
1895 2
1896 0
1897 1
1898 2
1899 0
1900 1
1901 2
1902 0
1903 1
1904 2
1905 0
1906 1
1907 2
1908 0
1909 1
1910 2
1911 0
1912 1
1913 2
1914 0
1915 1
1916 2
1917 0
1918 1
1919 2
1920 0
1921 1
1922 2
1923 0
1924 1
1925 2
1926 0
1927 1
1928 2
1929 0
1930 1
1931 2
1932 0
1933 1
1934 2
1935 0
1936 1
1937 2
1938 0
1939 1
1940 2
1941 0
1942 1
1943 2
1944 0
1945 1
1946 2
1947 0
1948 1
1949 2
1950 0
1951 1
1952 2
1953 0
1954 1
1955 2
1956 0
1957 1
1958 2
1959 0
1960 1
1961 2
1962 0
1963 1
1964 2
1965 0
1966 1
1967 2
1968 0
1969 1
1970 2
1971 0
1972 1
1973 2
1974 0
1975 1
1976 2
1977 0
1978 1
1979 2
1980 0
1981 1
1982 2
1983 0
1984 1
1985 2
1986 0
1987 1
1988 2
1989 0
1990 1
1991 2
1992 0
1993 1
1994 2
1995 0
1996 1
1997 2
1998 0
1999 1
2000 2
2001 0
2002 1
2003 2
2004 0
2005 1
2006 2
